# host                  id     x     y     z    t_real     t_cpu     t_mem      t_io       cpu util  eff  load       mem        io
boskop            PRO.0010    10    10   250      3.37 --------- --------- ---------     23.15 0.01 0.61  0.87     95.02      0.03
boskop            PRO.0010    10    10   250      3.33 --------- --------- ---------      6.40 0.00 0.55  0.80    239.03      0.03
boskop            PRO.0010    10    10   250      3.33 --------- --------- ---------      6.38 0.00 0.55  0.74    239.03      0.03
boskop            PRO.0010    10    10   250      3.33 --------- --------- ---------      6.39 0.00 0.55  0.74    239.03      0.03
boskop            PRO.0010    10    10   250      3.33 --------- --------- ---------      6.56 0.00 0.58  0.68    239.03      0.03
boskop            PRO.0010    10    10   250      3.33 --------- --------- ---------      6.39 0.00 0.55  0.62    239.03      0.03
boskop            PRO.0010    10    10   250      3.33 --------- --------- ---------      6.42 0.00 0.55  0.62    239.03      0.03
boskop            PRO.0010    10    10   250      3.33 --------- --------- ---------      6.37 0.00 0.55  0.57    239.03      0.03
boskop            PRO.0010    10    10   250      3.33 --------- --------- ---------      6.29 0.00 0.54  0.61    239.03      0.03
boskop            PRO.0010    10    10   250      3.33 --------- --------- ---------      6.59 0.00 0.56  0.64    239.03      0.03
boskop       MEAN_PRO.0010    10    10   250      3.33 --------- --------- ---------      8.09 0.00 0.56  0.69    224.63      0.03
boskop        STD_PRO.0010    10    10   250      0.01 --------- --------- ---------      5.02 0.00 0.02  0.09     43.20      0.00
boskop       STAT_PRO.0010    10    10   250      3.33      0.01 --------- --------- --------- --------- --------- ---------      8.09      5.02 0.00 0.00 0.56 0.02  0.69  0.09    224.63     43.20      0.03      0.00
boskop            EMU.0010    10    10   250      4.65      0.02      1.31      0.16    421.04 0.07 0.53  0.64    224.39      1.00
boskop            EMU.0010    10    10   250      4.65      0.02      1.31      0.17    424.50 0.07 0.53  0.59    224.39      1.00
boskop            EMU.0010    10    10   250      4.65      0.02      1.31      0.15    430.44 0.07 0.54  0.54    224.39      1.00
boskop            EMU.0010    10    10   250      4.64      0.02      1.31      0.19    424.14 0.07 0.54  0.50    224.39      1.00
boskop            EMU.0010    10    10   250      4.64      0.02      1.31      0.16    421.59 0.07 0.54  0.46    224.39      1.00
boskop            EMU.0010    10    10   250      4.60      0.02      1.26      0.16    425.25 0.07 0.55  0.42    224.39      1.00
boskop            EMU.0010    10    10   250      4.65      0.02      1.31      0.15    425.40 0.07 0.54  0.39    224.39      1.00
boskop            EMU.0010    10    10   250      4.65      0.02      1.31      0.16    423.48 0.07 0.53  0.36    224.39      1.00
boskop            EMU.0010    10    10   250      4.63      0.02      1.29      0.13    421.76 0.07 0.54  0.33    224.39      1.00
boskop            EMU.0010    10    10   250      4.60      0.02      1.27      0.17    424.27 0.07 0.55  0.30    224.39      1.00
boskop       MEAN_EMU.0010    10    10   250      4.64      0.02      1.30      0.16    424.19 0.07 0.54  0.45    224.39      1.00
boskop        STD_EMU.0010    10    10   250      0.02      0.00      0.02      0.01      2.55 0.00 0.01  0.11      0.00      0.00
boskop       STAT_EMU.0010    10    10   250      4.64      0.02      0.02      0.00      1.30      0.02      0.16      0.01    424.19      2.55 0.07 0.00 0.54 0.01  0.45  0.11    224.39      0.00      1.00      0.00

boskop            PRO.0010    10    10   250      3.33 --------- --------- ---------      7.03 0.00 0.58  0.30    239.03      0.03
boskop            PRO.0010    10    10   250      3.33 --------- --------- ---------      6.39 0.00 0.55  0.28    239.03      0.03
boskop            PRO.0010    10    10   250      3.33 --------- --------- ---------      6.43 0.00 0.55  0.34    239.03      0.03
boskop            PRO.0010    10    10   250      3.33 --------- --------- ---------      6.41 0.00 0.55  0.34    239.03      0.03
boskop            PRO.0010    10    10   250      3.33 --------- --------- ---------      6.31 0.00 0.54  0.31    239.03      0.03
boskop            PRO.0010    10    10   250      3.33 --------- --------- ---------      6.47 0.00 0.55  0.28    239.03      0.03
boskop            PRO.0010    10    10   250      3.33 --------- --------- ---------      6.45 0.00 0.55  0.28    239.03      0.03
boskop            PRO.0010    10    10   250      3.33 --------- --------- ---------      6.51 0.00 0.55  0.26    239.03      0.03
boskop            PRO.0010    10    10   250      3.33 --------- --------- ---------      6.44 0.00 0.55  0.24    239.03      0.03
boskop            PRO.0010    10    10   250      3.33 --------- --------- ---------      6.37 0.00 0.54  0.24    239.03      0.03
boskop       MEAN_PRO.0010    10    10   250      3.33 --------- --------- ---------      6.48 0.00 0.55  0.29    239.03      0.03
boskop        STD_PRO.0010    10    10   250      0.00 --------- --------- ---------      0.19 0.00 0.01  0.03      0.00      0.00
boskop       STAT_PRO.0010    10    10   250      3.33      0.00 --------- --------- --------- --------- --------- ---------      6.48      0.19 0.00 0.00 0.55 0.01  0.29  0.03    239.03      0.00      0.03      0.00
boskop            EMU.0010    10    10   250      4.73      0.02      1.40      0.17    450.54 0.07 0.53  0.22    239.34      1.00
boskop            EMU.0010    10    10   250      4.72      0.02      1.38      0.15    448.25 0.07 0.54  0.20    239.34      1.00
boskop            EMU.0010    10    10   250      4.74      0.02      1.40      0.14    449.48 0.07 0.53  0.27    239.34      1.00
boskop            EMU.0010    10    10   250      4.73      0.02      1.39      0.15    447.93 0.07 0.53  0.25    239.34      1.00
boskop            EMU.0010    10    10   250      4.71      0.02      1.38      0.18    447.03 0.07 0.54  0.23    239.34      1.00
boskop            EMU.0010    10    10   250      4.74      0.02      1.40      0.17    449.96 0.07 0.53  0.21    239.34      1.00
boskop            EMU.0010    10    10   250      4.72      0.02      1.38      0.17    449.56 0.07 0.54  0.19    239.34      1.00
boskop            EMU.0010    10    10   250      4.73      0.02      1.39      0.18    448.05 0.07 0.54  0.18    239.34      1.00
boskop            EMU.0010    10    10   250      4.73      0.02      1.40      0.14    451.00 0.07 0.53  0.16    239.34      1.00
boskop            EMU.0010    10    10   250      4.72      0.02      1.38      0.16    446.20 0.07 0.53  0.23    239.34      1.00
boskop       MEAN_EMU.0010    10    10   250      4.73      0.02      1.39      0.16    448.80 0.07 0.54  0.21    239.34      1.00
boskop        STD_EMU.0010    10    10   250      0.01      0.00      0.01      0.01      1.48 0.00 0.00  0.03      0.00      0.00
boskop       STAT_EMU.0010    10    10   250      4.73      0.01      0.02      0.00      1.39      0.01      0.16      0.01    448.80      1.48 0.07 0.00 0.54 0.00  0.21  0.03    239.34      0.00      1.00      0.00

boskop            PRO.0020    20    20   250      3.34 --------- --------- ---------     10.52 0.00 0.75  0.21    239.16      0.09
boskop            PRO.0020    20    20   250      3.34 --------- --------- ---------     10.43 0.00 0.74  0.21    239.03      0.09
boskop            PRO.0020    20    20   250      3.33 --------- --------- ---------     10.44 0.00 0.74  0.19    239.03      0.09
boskop            PRO.0020    20    20   250      3.33 --------- --------- ---------     10.39 0.00 0.74  0.18    239.02      0.09
boskop            PRO.0020    20    20   250      3.33 --------- --------- ---------     10.50 0.00 0.75  0.18    239.03      0.09
boskop            PRO.0020    20    20   250      3.34 --------- --------- ---------     10.56 0.00 0.74  0.16    239.03      0.09
boskop            PRO.0020    20    20   250      3.34 --------- --------- ---------     10.44 0.00 0.74  0.15    239.03      0.09
boskop            PRO.0020    20    20   250      3.34 --------- --------- ---------     10.47 0.00 0.75  0.15    239.03      0.09
boskop            PRO.0020    20    20   250      3.34 --------- --------- ---------     10.47 0.00 0.75  0.14    239.03      0.09
boskop            PRO.0020    20    20   250      3.33 --------- --------- ---------     10.39 0.00 0.74  0.13    239.03      0.09
boskop       MEAN_PRO.0020    20    20   250      3.34 --------- --------- ---------     10.46 0.00 0.75  0.17    239.04      0.09
boskop        STD_PRO.0020    20    20   250      0.00 --------- --------- ---------      0.05 0.00 0.00  0.03      0.04      0.00
boskop       STAT_PRO.0020    20    20   250      3.34      0.00 --------- --------- --------- --------- --------- ---------     10.46      0.05 0.00 0.00 0.75 0.00  0.17  0.03    239.04      0.04      0.09      0.00
boskop            EMU.0020    20    20   250      4.73      0.02      1.39      0.18    445.05 0.07 0.53  0.28    239.34      1.00
boskop            EMU.0020    20    20   250      4.73      0.02      1.40      0.17    448.17 0.07 0.53  0.33    239.34      1.00
boskop            EMU.0020    20    20   250      4.73      0.02      1.39      0.19    445.30 0.07 0.53  0.33    239.34      1.00
boskop            EMU.0020    20    20   250      4.74      0.03      1.40      0.18    450.48 0.07 0.53  0.31    239.34      1.00
boskop            EMU.0020    20    20   250      4.69      0.02      1.35      0.24    451.32 0.07 0.55  0.36    239.34      1.00
boskop            EMU.0020    20    20   250      4.73      0.02      1.39      0.16    446.92 0.07 0.53  0.33    239.34      1.00
boskop            EMU.0020    20    20   250      4.73      0.02      1.39      0.15    446.93 0.07 0.53  0.31    239.34      1.00
boskop            EMU.0020    20    20   250      4.73      0.02      1.40      0.15    448.24 0.07 0.53  0.28    239.34      1.00
boskop            EMU.0020    20    20   250      4.73      0.02      1.39      0.15    444.00 0.07 0.53  0.26    239.34      1.00
boskop            EMU.0020    20    20   250      4.69      0.02      1.35      0.14    448.07 0.07 0.54  0.24    239.34      1.00
boskop       MEAN_EMU.0020    20    20   250      4.72      0.02      1.39      0.17    447.45 0.07 0.53  0.30    239.34      1.00
boskop        STD_EMU.0020    20    20   250      0.02      0.00      0.02      0.03      2.20 0.00 0.01  0.04      0.00      0.00
boskop       STAT_EMU.0020    20    20   250      4.72      0.02      0.02      0.00      1.39      0.02      0.17      0.03    447.45      2.20 0.07 0.00 0.53 0.01  0.30  0.04    239.34      0.00      1.00      0.00

boskop            PRO.0040    40    40   250      3.36 --------- --------- ---------     23.21 0.01 0.81  0.22    239.40      0.36
boskop            PRO.0040    40    40   250      3.36 --------- --------- ---------     25.79 0.01 0.79  0.22    239.40      0.36
boskop            PRO.0040    40    40   250      3.36 --------- --------- ---------     25.70 0.01 0.79  0.20    239.40      0.36
boskop            PRO.0040    40    40   250      3.36 --------- --------- ---------     25.86 0.01 0.79  0.19    239.40      0.36
boskop            PRO.0040    40    40   250      3.36 --------- --------- ---------     25.76 0.01 0.79  0.19    239.40      0.36
boskop            PRO.0040    40    40   250      3.36 --------- --------- ---------     23.50 0.01 0.81  0.17    239.40      0.36
boskop            PRO.0040    40    40   250      3.36 --------- --------- ---------     23.33 0.01 0.81  0.16    239.40      0.36
boskop            PRO.0040    40    40   250      3.36 --------- --------- ---------     23.22 0.01 0.81  0.31    239.40      0.36
boskop            PRO.0040    40    40   250      3.36 --------- --------- ---------     23.13 0.01 0.81  0.31    239.40      0.36
boskop            PRO.0040    40    40   250      3.36 --------- --------- ---------     23.56 0.01 0.81  0.28    239.40      0.36
boskop       MEAN_PRO.0040    40    40   250      3.36 --------- --------- ---------     24.31 0.01 0.80  0.23    239.40      0.36
boskop        STD_PRO.0040    40    40   250      0.00 --------- --------- ---------      1.21 0.00 0.01  0.05      0.00      0.00
boskop       STAT_PRO.0040    40    40   250      3.36      0.00 --------- --------- --------- --------- --------- ---------     24.31      1.21 0.01 0.00 0.80 0.01  0.23  0.05    239.40      0.00      0.36      0.00
boskop            EMU.0040    40    40   250      4.74      0.05      1.40      0.17    464.74 0.07 0.54  0.26    239.34      1.00
boskop            EMU.0040    40    40   250      4.74      0.05      1.40      0.16    462.68 0.07 0.53  0.40    239.34      1.00
boskop            EMU.0040    40    40   250      4.73      0.05      1.40      0.16    464.04 0.07 0.54  0.45    239.34      1.00
boskop            EMU.0040    40    40   250      4.74      0.05      1.40      0.14    461.88 0.07 0.54  0.49    239.34      1.00
boskop            EMU.0040    40    40   250      4.74      0.05      1.40      0.20    466.01 0.07 0.54  0.53    239.34      1.00
boskop            EMU.0040    40    40   250      4.74      0.05      1.40      0.15    464.61 0.07 0.54  0.57    239.34      1.00
boskop            EMU.0040    40    40   250      4.70      0.05      1.36      0.18    460.87 0.07 0.55  0.57    239.34      1.00
boskop            EMU.0040    40    40   250      4.74      0.05      1.40      0.15    463.67 0.07 0.54  0.52    239.34      1.00
boskop            EMU.0040    40    40   250      4.71      0.05      1.38      0.15    465.20 0.07 0.54  0.48    239.34      1.00
boskop            EMU.0040    40    40   250      4.74      0.05      1.40      0.17    465.59 0.07 0.54  0.44    239.34      1.00
boskop       MEAN_EMU.0040    40    40   250      4.73      0.05      1.39      0.16    463.93 0.07 0.54  0.47    239.34      1.00
boskop        STD_EMU.0040    40    40   250      0.01      0.00      0.01      0.02      1.58 0.00 0.00  0.09      0.00      0.00
boskop       STAT_EMU.0040    40    40   250      4.73      0.01      0.05      0.00      1.39      0.01      0.16      0.02    463.93      1.58 0.07 0.00 0.54 0.00  0.47  0.09    239.34      0.00      1.00      0.00

boskop            PRO.0080    80    80   250      3.47 --------- --------- ---------     90.99 0.02 0.79  0.41    240.90      1.41
boskop            PRO.0080    80    80   250      3.46 --------- --------- ---------     87.51 0.02 0.81  0.37    240.89      1.41
boskop            PRO.0080    80    80   250      3.47 --------- --------- ---------     92.72 0.02 0.79  0.37    240.74      1.41
boskop            PRO.0080    80    80   250      3.47 --------- --------- ---------     94.03 0.02 0.81  0.35    240.74      1.41
boskop            PRO.0080    80    80   250      3.47 --------- --------- ---------     93.16 0.02 0.81  0.32    240.74      1.41
boskop            PRO.0080    80    80   250      3.47 --------- --------- ---------     93.30 0.02 0.81  0.37    240.74      1.41
boskop            PRO.0080    80    80   250      3.47 --------- --------- ---------     93.62 0.02 0.81  0.37    240.74      1.41
boskop            PRO.0080    80    80   250      3.46 --------- --------- ---------     93.82 0.02 0.81  0.42    240.74      1.41
boskop            PRO.0080    80    80   250      3.46 --------- --------- ---------     94.56 0.02 0.81  0.39    240.74      1.41
boskop            PRO.0080    80    80   250      3.46 --------- --------- ---------     86.85 0.02 0.81  0.39    240.74      1.41
boskop       MEAN_PRO.0080    80    80   250      3.47 --------- --------- ---------     92.06 0.02 0.81  0.38    240.77      1.41
boskop        STD_PRO.0080    80    80   250      0.00 --------- --------- ---------      2.61 0.00 0.01  0.03      0.06      0.00
boskop       STAT_PRO.0080    80    80   250      3.47      0.00 --------- --------- --------- --------- --------- ---------     92.06      2.61 0.02 0.00 0.81 0.01  0.38  0.03    240.77      0.06      1.41      0.00
boskop            EMU.0080    80    80   250      4.74      0.15      1.40      0.19    532.28 0.08 0.56  0.36    240.38      2.00
boskop            EMU.0080    80    80   250      4.69      0.15      1.36      0.17    531.23 0.08 0.57  0.33    240.38      2.00
boskop            EMU.0080    80    80   250      4.73      0.15      1.40      0.19    529.89 0.08 0.56  0.30    240.38      2.00
boskop            EMU.0080    80    80   250      4.70      0.15      1.36      0.19    529.81 0.08 0.57  0.36    240.38      2.00
boskop            EMU.0080    80    80   250      4.74      0.15      1.40      0.19    531.57 0.08 0.56  0.33    240.38      2.00
boskop            EMU.0080    80    80   250      4.74      0.15      1.40      0.16    534.66 0.08 0.56  0.30    240.38      2.00
boskop            EMU.0080    80    80   250      4.72      0.15      1.39      0.17    527.61 0.08 0.56  0.28    240.38      2.00
boskop            EMU.0080    80    80   250      4.72      0.15      1.38      0.17    530.57 0.08 0.56  0.26    240.38      2.00
boskop            EMU.0080    80    80   250      4.72      0.15      1.38      0.18    530.81 0.08 0.56  0.24    240.38      2.00
boskop            EMU.0080    80    80   250      4.74      0.15      1.40      0.17    534.44 0.08 0.56  0.54    240.38      2.00
boskop       MEAN_EMU.0080    80    80   250      4.72      0.15      1.39      0.18    531.29 0.08 0.56  0.33    240.38      2.00
boskop        STD_EMU.0080    80    80   250      0.02      0.00      0.02      0.01      2.02 0.00 0.00  0.08      0.00      0.00
boskop       STAT_EMU.0080    80    80   250      4.72      0.02      0.15      0.00      1.39      0.02      0.18      0.01    531.29      2.02 0.08 0.00 0.56 0.00  0.33  0.08    240.38      0.00      2.00      0.00

boskop            PRO.0160   160   160   250      3.90 --------- --------- ---------    363.09 0.07 0.82  0.57    246.00      5.62
boskop            PRO.0160   160   160   250      3.89 --------- --------- ---------    356.78 0.07 0.82  0.57    246.00      5.62
boskop            PRO.0160   160   160   250      3.88 --------- --------- ---------    358.22 0.07 0.82  0.53    245.99      5.62
boskop            PRO.0160   160   160   250      3.88 --------- --------- ---------    358.67 0.07 0.82  0.49    246.00      5.62
boskop            PRO.0160   160   160   250      3.89 --------- --------- ---------    356.36 0.07 0.82  0.45    246.00      5.62
boskop            PRO.0160   160   160   250      3.89 --------- --------- ---------    356.01 0.07 0.82  0.45    246.00      5.62
boskop            PRO.0160   160   160   250      3.89 --------- --------- ---------    358.31 0.07 0.82  0.41    246.00      5.62
boskop            PRO.0160   160   160   250      3.88 --------- --------- ---------    358.32 0.07 0.82  0.38    246.00      5.62
boskop            PRO.0160   160   160   250      3.88 --------- --------- ---------    358.28 0.07 0.82  0.43    246.00      5.62
boskop            PRO.0160   160   160   250      3.88 --------- --------- ---------    358.92 0.07 0.82  0.47    246.00      5.62
boskop       MEAN_PRO.0160   160   160   250      3.89 --------- --------- ---------    358.30 0.07 0.82  0.47    246.00      5.62
boskop        STD_PRO.0160   160   160   250      0.01 --------- --------- ---------      1.86 0.00 0.00  0.06      0.00      0.00
boskop       STAT_PRO.0160   160   160   250      3.89      0.01 --------- --------- --------- --------- --------- ---------    358.30      1.86 0.07 0.00 0.82 0.00  0.47  0.06    246.00      0.00      5.62      0.00
boskop            EMU.0160   160   160   250      4.76      0.56      1.42      0.20    779.44 0.12 0.61  0.52    245.27      6.00
boskop            EMU.0160   160   160   250      4.78      0.56      1.44      0.19    787.52 0.12 0.61  0.52    245.27      6.00
boskop            EMU.0160   160   160   250      4.78      0.57      1.44      0.21    786.08 0.12 0.61  0.63    245.27      6.00
boskop            EMU.0160   160   160   250      4.76      0.56      1.42      0.22    785.72 0.12 0.61  0.66    245.27      6.00
boskop            EMU.0160   160   160   250      4.75      0.56      1.42      0.20    783.66 0.12 0.61  0.61    245.27      6.00
boskop            EMU.0160   160   160   250      4.78      0.56      1.44      0.21    785.09 0.12 0.61  0.56    245.27      6.00
boskop            EMU.0160   160   160   250      4.78      0.56      1.44      0.23    785.63 0.12 0.61  0.52    245.27      6.00
boskop            EMU.0160   160   160   250      4.77      0.56      1.44      0.20    784.84 0.12 0.61  0.47    245.27      6.00
boskop            EMU.0160   160   160   250      4.75      0.56      1.41      0.22    782.45 0.12 0.61  0.44    245.27      6.00
boskop            EMU.0160   160   160   250      4.77      0.56      1.43      0.21    787.59 0.12 0.61  0.40    245.27      6.00
boskop       MEAN_EMU.0160   160   160   250      4.77      0.56      1.43      0.21    784.80 0.12 0.61  0.53    245.27      6.00
boskop        STD_EMU.0160   160   160   250      0.01      0.00      0.01      0.01      2.32 0.00 0.00  0.08      0.00      0.00
boskop       STAT_EMU.0160   160   160   250      4.77      0.01      0.56      0.00      1.43      0.01      0.21      0.01    784.80      2.32 0.12 0.00 0.61 0.00  0.53  0.08    245.27      0.00      6.00      0.00

boskop            PRO.0320   320   320   250      5.55 --------- --------- ---------   1431.71 0.19 0.83  0.37    266.92     22.47
boskop            PRO.0320   320   320   250      5.55 --------- --------- ---------   1433.06 0.19 0.83  0.34    266.91     22.47
boskop            PRO.0320   320   320   250      5.56 --------- --------- ---------   1449.41 0.19 0.83  0.31    266.91     22.47
boskop            PRO.0320   320   320   250      5.54 --------- --------- ---------   1432.51 0.19 0.83  0.34    266.91     22.47
boskop            PRO.0320   320   320   250      5.57 --------- --------- ---------   1437.24 0.19 0.83  0.40    266.91     22.47
boskop            PRO.0320   320   320   250      5.54 --------- --------- ---------   1431.07 0.19 0.83  0.45    266.91     22.47
boskop            PRO.0320   320   320   250      5.57 --------- --------- ---------   1439.12 0.19 0.82  0.49    266.92     22.47
boskop            PRO.0320   320   320   250      5.52 --------- --------- ---------   1430.55 0.19 0.83  0.45    266.91     22.47
boskop            PRO.0320   320   320   250      5.58 --------- --------- ---------   1447.35 0.19 0.82  0.49    266.91     22.47
boskop            PRO.0320   320   320   250      5.55 --------- --------- ---------   1432.39 0.19 0.83  0.45    266.91     22.47
boskop       MEAN_PRO.0320   320   320   250      5.55 --------- --------- ---------   1436.44 0.19 0.83  0.41    266.91     22.47
boskop        STD_PRO.0320   320   320   250      0.02 --------- --------- ---------      6.51 0.00 0.00  0.06      0.00      0.00
boskop       STAT_PRO.0320   320   320   250      5.55      0.02 --------- --------- --------- --------- --------- ---------   1436.44      6.51 0.19 0.00 0.83 0.00  0.41  0.06    266.91      0.00     22.47      0.00
boskop            EMU.0320   320   320   250      5.55      2.21      1.58      0.35   1830.49 0.25 0.68  0.42    266.41     23.00
boskop            EMU.0320   320   320   250      5.55      2.21      1.57      0.32   1831.77 0.25 0.68  0.38    266.41     23.00
boskop            EMU.0320   320   320   250      5.54      2.20      1.51      0.33   1829.09 0.25 0.69  0.35    266.41     23.00
boskop            EMU.0320   320   320   250      5.55      2.21      1.55      0.32   1834.33 0.25 0.68  0.46    266.41     23.00
boskop            EMU.0320   320   320   250      5.52      2.18      1.56      0.33   1825.13 0.25 0.69  0.46    266.41     23.00
boskop            EMU.0320   320   320   250      5.54      2.20      1.50      0.34   1829.86 0.25 0.69  0.63    266.41     23.00
boskop            EMU.0320   320   320   250      5.55      2.21      1.58      0.30   1830.15 0.25 0.68  0.66    266.41     23.00
boskop            EMU.0320   320   320   250      5.54      2.20      1.58      0.34   1834.63 0.25 0.68  0.61    266.41     23.00
boskop            EMU.0320   320   320   250      5.56      2.22      1.57      0.33   1834.98 0.25 0.68  0.56    266.41     23.00
boskop            EMU.0320   320   320   250      5.55      2.22      1.57      0.34   1833.00 0.25 0.68  0.51    266.41     23.00
boskop       MEAN_EMU.0320   320   320   250      5.54      2.21      1.56      0.33   1831.34 0.25 0.68  0.50    266.41     23.00
boskop        STD_EMU.0320   320   320   250      0.01      0.01      0.03      0.01      2.90 0.00 0.00  0.10      0.00      0.00
boskop       STAT_EMU.0320   320   320   250      5.54      0.01      2.21      0.01      1.56      0.03      0.33      0.01   1831.34      2.90 0.25 0.00 0.68 0.00  0.50  0.10    266.41      0.00     23.00      0.00

boskop            PRO.0640   640   640   250     12.54 --------- --------- ---------   5756.53 0.34 0.82  0.48    350.34     89.86
boskop            PRO.0640   640   640   250     12.79 --------- --------- ---------   5755.53 0.34 0.82  0.56    350.33     89.86
boskop            PRO.0640   640   640   250     12.90 --------- --------- ---------   5775.35 0.33 0.82  0.52    350.33     89.86
boskop            PRO.0640   640   640   250     12.42 --------- --------- ---------   5760.76 0.35 0.83  0.67    350.33     89.86
boskop            PRO.0640   640   640   250     12.49 --------- --------- ---------   5754.52 0.34 0.82  0.68    350.33     89.86
boskop            PRO.0640   640   640   250     12.81 --------- --------- ---------   5753.22 0.34 0.82  0.83    350.33     89.86
boskop            PRO.0640   640   640   250     12.45 --------- --------- ---------   5743.01 0.34 0.82  0.83    350.33     89.86
boskop            PRO.0640   640   640   250     12.67 --------- --------- ---------   5753.07 0.34 0.82  0.76    350.33     89.86
boskop            PRO.0640   640   640   250     13.05 --------- --------- ---------   5758.68 0.33 0.82  0.88    350.33     89.86
boskop            PRO.0640   640   640   250     12.40 --------- --------- ---------   5760.71 0.35 0.82  0.84    350.33     89.86
boskop       MEAN_PRO.0640   640   640   250     12.65 --------- --------- ---------   5757.14 0.34 0.82  0.70    350.33     89.86
boskop        STD_PRO.0640   640   640   250      0.21 --------- --------- ---------      7.75 0.01 0.00  0.14      0.00      0.00
boskop       STAT_PRO.0640   640   640   250     12.65      0.21 --------- --------- --------- --------- --------- ---------   5757.14      7.75 0.34 0.01 0.82 0.00  0.70  0.14    350.33      0.00     89.86      0.00
boskop            EMU.0640   640   640   250     12.07      8.73      2.08      0.93   6032.05 0.37 0.73  1.08    350.20     90.00
boskop            EMU.0640   640   640   250     12.12      8.79      2.06      0.93   6033.58 0.37 0.73  1.08    350.20     90.00
boskop            EMU.0640   640   640   250     12.11      8.78      2.07      0.95   6028.04 0.37 0.73  0.99    350.20     90.00
boskop            EMU.0640   640   640   250     12.14      8.80      1.99      0.95   6035.30 0.37 0.73  1.00    350.20     90.00
boskop            EMU.0640   640   640   250     12.10      8.77      2.07      0.93   6037.78 0.37 0.73  0.93    350.20     90.00
boskop            EMU.0640   640   640   250     12.11      8.77      2.04      0.94   6027.31 0.37 0.73  1.02    350.20     90.00
boskop            EMU.0640   640   640   250     11.99      8.65      2.07      0.96   6045.22 0.38 0.73  1.03    350.20     90.00
boskop            EMU.0640   640   640   250     12.08      8.74      2.07      0.94   6048.45 0.37 0.73  1.03    350.20     90.00
boskop            EMU.0640   640   640   250     12.14      8.80      2.07      0.94   6038.14 0.37 0.73  1.02    350.20     90.00
boskop            EMU.0640   640   640   250     12.12      8.78      2.08      0.93   6031.86 0.37 0.73  1.10    350.20     90.00
boskop       MEAN_EMU.0640   640   640   250     12.10      8.76      2.06      0.94   6035.77 0.37 0.73  1.03    350.20     90.00
boskop        STD_EMU.0640   640   640   250      0.04      0.04      0.03      0.01      6.52 0.00 0.00  0.05      0.00      0.00
boskop       STAT_EMU.0640   640   640   250     12.10      0.04      8.76      0.04      2.06      0.03      0.94      0.01   6035.77      6.52 0.37 0.00 0.73 0.00  1.03  0.05    350.20      0.00     90.00      0.00

boskop            PRO.1280  1280  1280   250     40.66 --------- --------- ---------  23062.80 0.42 0.82  1.10    684.67    359.41
boskop            PRO.1280  1280  1280   250     40.17 --------- --------- ---------  23118.27 0.43 0.82  1.01    684.67    359.41
boskop            PRO.1280  1280  1280   250     40.09 --------- --------- ---------  23128.06 0.43 0.82  1.07    684.67    359.41
boskop            PRO.1280  1280  1280   250     41.19 --------- --------- ---------  23090.43 0.42 0.82  1.17    684.67    359.41
boskop            PRO.1280  1280  1280   250     39.70 --------- --------- ---------  23102.51 0.43 0.82  1.26    684.67    359.41
boskop            PRO.1280  1280  1280   250     40.60 --------- --------- ---------  23118.54 0.43 0.82  1.16    684.67    359.41
boskop            PRO.1280  1280  1280   250     41.91 --------- --------- ---------  23128.82 0.41 0.82  1.37    684.67    359.41
boskop            PRO.1280  1280  1280   250     42.58 --------- --------- ---------  23101.50 0.41 0.82  1.37    684.67    359.41
boskop            PRO.1280  1280  1280   250     40.55 --------- --------- ---------  23101.60 0.43 0.82  1.18    684.67    359.41
boskop            PRO.1280  1280  1280   250     40.50 --------- --------- ---------  23086.33 0.43 0.82  1.13    684.68    359.41
boskop       MEAN_PRO.1280  1280  1280   250     40.80 --------- --------- ---------  23103.89 0.42 0.82  1.18    684.67    359.41
boskop        STD_PRO.1280  1280  1280   250      0.83 --------- --------- ---------     19.54 0.01 0.00  0.11      0.00      0.00
boskop       STAT_PRO.1280  1280  1280   250     40.80      0.83 --------- --------- --------- --------- --------- ---------  23103.89     19.54 0.42 0.01 0.82 0.00  1.18  0.11    684.67      0.00    359.41      0.00
boskop            EMU.1280  1280  1280   250     38.29     34.95      4.06      3.24  22938.39 0.45 0.75  1.30    684.33    360.00
boskop            EMU.1280  1280  1280   250     38.44     35.11      4.05      3.22  22930.13 0.45 0.75  1.28    684.33    360.00
boskop            EMU.1280  1280  1280   250     37.99     34.66      3.88      3.22  22925.98 0.45 0.75  1.40    684.33    360.00
boskop            EMU.1280  1280  1280   250     38.25     34.92      4.04      3.23  22931.74 0.45 0.75  1.29    684.33    360.00
boskop            EMU.1280  1280  1280   250     38.46     35.12      4.01      3.19  22939.31 0.45 0.75  1.17    684.33    360.00
boskop            EMU.1280  1280  1280   250     38.25     34.91      4.04      3.26  22932.65 0.45 0.75  1.19    684.33    360.00
boskop            EMU.1280  1280  1280   250     38.32     34.99      4.04      3.20  22929.62 0.45 0.75  1.27    684.33    360.00
boskop            EMU.1280  1280  1280   250     38.48     35.14      4.04      3.24  22935.29 0.45 0.75  1.16    684.33    360.00
boskop            EMU.1280  1280  1280   250     38.24     34.90      4.03      3.22  22926.32 0.45 0.75  1.23    684.33    360.00
boskop            EMU.1280  1280  1280   250     38.23     34.90      4.04      3.22  22924.78 0.45 0.75  1.26    684.33    360.00
boskop       MEAN_EMU.1280  1280  1280   250     38.30     34.96      4.02      3.22  22931.42 0.45 0.75  1.25    684.33    360.00
boskop        STD_EMU.1280  1280  1280   250      0.14      0.14      0.05      0.02      4.82 0.00 0.00  0.07      0.00      0.00
boskop       STAT_EMU.1280  1280  1280   250     38.30      0.14     34.96      0.14      4.02      0.05      3.22      0.02  22931.42      4.82 0.45 0.00 0.75 0.00  1.25  0.07    684.33      0.00    360.00      0.00

boskop            PRO.2560  2560  2560   250    149.76 --------- --------- ---------  92445.56 0.46 0.82  1.33   2016.00   1437.55
boskop            PRO.2560  2560  2560   250    149.03 --------- --------- ---------  92534.01 0.46 0.82  1.31   2016.05   1437.55
boskop            PRO.2560  2560  2560   250    150.54 --------- --------- ---------  92437.30 0.46 0.82  1.33   2016.05   1437.55
boskop            PRO.2560  2560  2560   250    150.06 --------- --------- ---------  92472.32 0.46 0.82  1.33   2016.05   1437.55
boskop            PRO.2560  2560  2560   250    149.57 --------- --------- ---------  92582.78 0.46 0.82  1.23   2015.99   1437.55
boskop            PRO.2560  2560  2560   250    150.24 --------- --------- ---------  92538.10 0.46 0.82  1.35   2015.99   1437.55
boskop            PRO.2560  2560  2560   250    150.14 --------- --------- ---------  92597.27 0.46 0.82  1.35   2015.99   1437.55
boskop            PRO.2560  2560  2560   250    150.70 --------- --------- ---------  92444.34 0.46 0.82  1.22   2016.05   1437.55
boskop            PRO.2560  2560  2560   250    152.57 --------- --------- ---------  92549.45 0.45 0.82  1.26   2015.99   1437.55
boskop            PRO.2560  2560  2560   250    149.60 --------- --------- ---------  92515.51 0.46 0.82  1.22   2016.05   1437.55
boskop       MEAN_PRO.2560  2560  2560   250    150.22 --------- --------- ---------  92511.67 0.46 0.82  1.29   2016.02   1437.55
boskop        STD_PRO.2560  2560  2560   250      0.91 --------- --------- ---------     55.68 0.00 0.00  0.05      0.03      0.00
boskop       STAT_PRO.2560  2560  2560   250    150.22      0.91 --------- --------- --------- --------- --------- ---------  92511.67     55.68 0.46 0.00 0.82 0.00  1.29  0.05   2016.02      0.03   1437.55      0.00
boskop            EMU.2560  2560  2560   250    144.25    140.91     11.72     12.42  90502.80 0.47 0.75  1.26   2016.45   1438.00
boskop            EMU.2560  2560  2560   250    144.14    140.80     11.86     12.37  90546.89 0.47 0.75  1.16   2016.45   1438.00
boskop            EMU.2560  2560  2560   250    144.55    141.21     11.88     12.30  90477.64 0.47 0.75  1.18   2016.45   1438.00
boskop            EMU.2560  2560  2560   250    144.47    141.13     11.91     12.35  90493.34 0.47 0.75  1.32   2016.45   1438.00
boskop            EMU.2560  2560  2560   250    144.11    140.78     11.77     12.01  90547.54 0.47 0.75  1.32   2016.45   1438.00
boskop            EMU.2560  2560  2560   250    143.55    140.21     11.87     12.12  90498.09 0.47 0.75  1.22   2016.44   1438.00
boskop            EMU.2560  2560  2560   250    144.13    140.79     11.37     12.09  90494.43 0.47 0.75  1.17   2016.45   1438.00
boskop            EMU.2560  2560  2560   250    143.90    140.57     11.84     12.00  90516.02 0.47 0.75  1.09   2016.45   1438.00
boskop            EMU.2560  2560  2560   250    142.98    139.64     11.83     12.12  90517.09 0.47 0.75  1.24   2016.45   1438.00
boskop            EMU.2560  2560  2560   250    144.17    140.83     11.87     12.03  90546.31 0.47 0.75  1.24   2016.45   1438.00
boskop       MEAN_EMU.2560  2560  2560   250    144.03    140.69     11.79     12.18  90514.01 0.47 0.75  1.22   2016.44   1438.00
boskop        STD_EMU.2560  2560  2560   250      0.44      0.44      0.15      0.15     24.03 0.00 0.00  0.07      0.00      0.00
boskop       STAT_EMU.2560  2560  2560   250    144.03      0.44    140.69      0.44     11.79      0.15     12.18      0.15  90514.01     24.03 0.47 0.00 0.75 0.00  1.22  0.07   2016.44      0.00   1438.00      0.00

boskop            PRO.5120  5120  5120   250    596.01 --------- --------- --------- 371625.88 0.47 0.82  1.42   7350.16   5750.10
boskop            PRO.5120  5120  5120   250    591.31 --------- --------- --------- 371177.54 0.47 0.82  1.37   7350.16   5750.10
boskop            PRO.5120  5120  5120   250    597.05 --------- --------- --------- 371876.28 0.47 0.82  1.43   7350.16   5750.10
boskop            PRO.5120  5120  5120   250    588.18 --------- --------- --------- 371252.28 0.47 0.82  1.43   7350.16   5750.10
boskop            PRO.5120  5120  5120   250    595.25 --------- --------- --------- 371961.57 0.47 0.82  1.41   7350.16   5750.10
boskop            PRO.5120  5120  5120   250    590.10 --------- --------- --------- 371160.13 0.47 0.82  1.36   7350.16   5750.10
boskop            PRO.5120  5120  5120   250    594.62 --------- --------- --------- 371932.46 0.47 0.82  1.30   7350.16   5750.10
boskop            PRO.5120  5120  5120   250    590.91 --------- --------- --------- 371135.23 0.47 0.82  1.42   7350.16   5750.10
boskop            PRO.5120  5120  5120   250    595.30 --------- --------- --------- 371961.70 0.47 0.82  1.31   7350.16   5750.10
boskop            PRO.5120  5120  5120   250    589.63 --------- --------- --------- 371254.53 0.47 0.82  1.30   7350.16   5750.10
boskop       MEAN_PRO.5120  5120  5120   250    592.84 --------- --------- --------- 371533.76 0.47 0.82  1.38   7350.16   5750.10
boskop        STD_PRO.5120  5120  5120   250      2.97 --------- --------- ---------    351.20 0.00 0.00  0.05      0.00      0.00
boskop       STAT_PRO.5120  5120  5120   250    592.84      2.97 --------- --------- --------- --------- --------- --------- 371533.76    351.20 0.47 0.00 0.82 0.00  1.38  0.05   7350.16      0.00   5750.10      0.00
boskop            EMU.5120  5120  5120   250    563.41    560.02     43.43     46.09 361778.23 0.48 0.76  1.30   7350.33   5751.00
boskop            EMU.5120  5120  5120   250    569.33    566.01     42.98     45.60 361773.70 0.47 0.75  1.21   7350.33   5751.00
boskop            EMU.5120  5120  5120   250    569.11    565.78     43.19     45.99 361832.51 0.48 0.75  1.12   7350.33   5751.00
boskop            EMU.5120  5120  5120   250    563.82    560.48     43.26     46.17 362506.43 0.48 0.76  1.12   7350.33   5751.00
boskop            EMU.5120  5120  5120   250    564.20    560.86     43.45     46.60 362498.83 0.48 0.76  1.25   7350.33   5751.00
boskop            EMU.5120  5120  5120   250    566.12    562.78     43.26     46.29 362508.62 0.48 0.75  1.27   7350.33   5751.00
boskop            EMU.5120  5120  5120   250    566.54    563.20     43.30     46.10 362574.22 0.48 0.75  1.17   7350.33   5751.00
boskop            EMU.5120  5120  5120   250    565.98    562.65     43.22     46.03 361482.54 0.48 0.75  1.25   7350.33   5751.00
boskop            EMU.5120  5120  5120   250    567.98    564.64     42.76     46.46 362468.95 0.48 0.75  1.25   7350.33   5751.00
boskop            EMU.5120  5120  5120   250    566.40    563.06     43.22     46.80 362622.21 0.48 0.75  1.14   7350.33   5751.00
boskop       MEAN_EMU.5120  5120  5120   250    566.29    562.95     43.21     46.21 362204.63 0.48 0.75  1.21   7350.33   5751.00
boskop        STD_EMU.5120  5120  5120   250      1.98      1.99      0.19      0.32    409.67 0.00 0.00  0.06      0.00      0.00
boskop       STAT_EMU.5120  5120  5120   250    566.29      1.98    562.95      1.99     43.21      0.19     46.21      0.32 362204.63    409.67 0.48 0.00 0.75 0.00  1.21  0.06   7350.33      0.00   5751.00      0.00

boskop           PRO.10240 10240 10240   250   2063.00 --------- --------- ---------      0.00 0.00 0.00  1.31  28694.50  23000.20
