# host                  id     x     y     z stress   t_real     t_cpu     t_mem      t_io       cpu util  eff  load       mem        io
boskop       STAT_EXE.2560  2560  2560   250     0    153.08      1.58
boskop            PRO.2560  2560  2560   250     0    152.67 --------- --------- ---------  92661.26 0.45 0.82  1.36   1871.94   1437.55
boskop            PRO.2560  2560  2560   250     0    153.54 --------- --------- ---------  92934.75 0.45 0.81  1.37   2015.96   1437.55
boskop            PRO.2560  2560  2560   250     0    153.33 --------- --------- ---------  92673.66 0.45 0.81  1.37   2015.97   1437.55
boskop            PRO.2560  2560  2560   250     0    155.74 --------- --------- ---------  92836.75 0.45 0.81  1.23   2015.97   1437.55
boskop            PRO.2560  2560  2560   250     0    154.23 --------- --------- ---------  92952.24 0.45 0.82  1.19   2015.97   1437.55
boskop            PRO.2560  2560  2560   250     0    154.22 --------- --------- ---------  92848.32 0.45 0.81  1.16   2015.96   1437.55
boskop            PRO.2560  2560  2560   250     0    153.74 --------- --------- ---------  92642.47 0.45 0.81  1.28   2015.96   1437.55
boskop            PRO.2560  2560  2560   250     0    154.23 --------- --------- ---------  92905.80 0.45 0.81  1.29   2015.97   1437.55
boskop            PRO.2560  2560  2560   250     0    153.14 --------- --------- ---------  92731.87 0.45 0.82  1.27   2015.96   1437.55
boskop            PRO.2560  2560  2560   250     0    155.64 --------- --------- ---------  92893.86 0.45 0.81  1.23   2015.96   1437.55
boskop       MEAN_PRO.2560  2560  2560   250     0    154.05 --------- --------- ---------  92808.10 0.45 0.81  1.27   2001.56   1437.55
boskop        STD_PRO.2560  2560  2560   250     0      0.95 --------- --------- ---------    113.59 0.00 0.00  0.07     43.21      0.00
boskop       STAT_PRO.2560  2560  2560   250     0    154.05      0.95 --------- --------- --------- --------- --------- ---------  92808.10    113.59 0.45 0.00 0.81 0.00  1.27  0.07   2001.56     43.21   1437.55      0.00
boskop            EMU.2560  2560  2560   250     0    144.92    141.37     11.92     12.23  90959.37 0.47 0.75  1.19   2001.23   1438.00
boskop            EMU.2560  2560  2560   250     0    144.94    141.40     11.79     12.16  90775.35 0.47 0.75  1.25   2001.23   1438.00
boskop            EMU.2560  2560  2560   250     0    144.29    140.76     11.93     12.23  90770.61 0.47 0.75  1.32   2001.23   1438.00
boskop            EMU.2560  2560  2560   250     0    144.67    141.13     11.44     12.23  90787.46 0.47 0.75  1.22   2001.23   1438.00
boskop            EMU.2560  2560  2560   250     0    142.68    139.15     11.53     12.13  90803.42 0.48 0.76  1.17   2001.23   1438.00
boskop            EMU.2560  2560  2560   250     0    145.43    141.90     11.94     12.16  90771.09 0.47 0.75  1.23   2001.23   1438.00
boskop            EMU.2560  2560  2560   250     0    144.59    141.06     11.95     12.16  90806.77 0.47 0.75  1.15   2001.23   1438.00
boskop            EMU.2560  2560  2560   250     0    144.88    141.34     11.94     12.19  90953.14 0.47 0.75  1.19   2001.23   1438.00
boskop            EMU.2560  2560  2560   250     0    144.69    141.15     11.91     12.23  90807.55 0.47 0.75  1.56   2001.23   1438.00
boskop            EMU.2560  2560  2560   250     0    143.60    140.07     11.92     12.19  90943.03 0.47 0.75  1.51   2001.23   1438.00
boskop       MEAN_EMU.2560  2560  2560   250     0    144.47    140.93     11.83     12.19  90837.78 0.47 0.75  1.28   2001.23   1438.00
boskop        STD_EMU.2560  2560  2560   250     0      0.75      0.75      0.18      0.04     75.91 0.00 0.00  0.14      0.00      0.00
boskop       STAT_EMU.2560  2560  2560   250     0    144.47      0.75    140.93      0.75     11.83      0.18     12.19      0.04  90837.78     75.91 0.47 0.00 0.75 0.00  1.28  0.14   2001.23      0.00   1438.00      0.00

boskop       STAT_EXE.2560  2560  2560   250     1    151.21      1.07
boskop            PRO.2560  2560  2560   250     1    154.73 --------- --------- ---------  92770.67 0.45 0.81  2.30   2016.06   1437.55
boskop            PRO.2560  2560  2560   250     1    153.12 --------- --------- ---------  92725.54 0.45 0.82  2.30   2016.06   1437.55
boskop            PRO.2560  2560  2560   250     1    152.95 --------- --------- ---------  92683.66 0.45 0.82  2.18   2016.01   1437.55
boskop            PRO.2560  2560  2560   250     1    152.72 --------- --------- ---------  92688.44 0.45 0.82  2.13   2016.06   1437.55
boskop            PRO.2560  2560  2560   250     1    152.04 --------- --------- ---------  92732.68 0.46 0.82  2.31   2016.06   1437.55
boskop            PRO.2560  2560  2560   250     1    153.40 --------- --------- ---------  92612.59 0.45 0.82  2.29   2016.01   1437.55
boskop            PRO.2560  2560  2560   250     1    153.40 --------- --------- ---------  92735.56 0.45 0.82  2.18   2016.06   1437.55
boskop            PRO.2560  2560  2560   250     1    152.37 --------- --------- ---------  92761.37 0.46 0.82  2.14   2016.06   1437.55
boskop            PRO.2560  2560  2560   250     1    153.29 --------- --------- ---------  92681.39 0.45 0.82  2.17   2016.01   1437.55
boskop            PRO.2560  2560  2560   250     1    151.90 --------- --------- ---------  92632.07 0.46 0.82  2.23   2016.06   1437.55
boskop       MEAN_PRO.2560  2560  2560   250     1    152.99 --------- --------- ---------  92702.40 0.45 0.82  2.22   2016.05   1437.55
boskop        STD_PRO.2560  2560  2560   250     1      0.78 --------- --------- ---------     49.69 0.00 0.00  0.07      0.02      0.00
boskop       STAT_PRO.2560  2560  2560   250     1    152.99      0.78 --------- --------- --------- --------- --------- ---------  92702.40     49.69 0.45 0.00 0.82 0.00  2.22  0.07   2016.05      0.02   1437.55      0.00
boskop            EMU.2560  2560  2560   250     1    141.74    138.20     12.17     12.40  90876.04 0.48 0.76  2.23   2016.45   1438.00
boskop            EMU.2560  2560  2560   250     1    144.41    140.87     12.12     12.51  90723.58 0.47 0.75  2.05   2016.45   1438.00
boskop            EMU.2560  2560  2560   250     1    144.53    141.00     11.75     12.32  90697.05 0.47 0.75  2.07   2016.45   1438.00
boskop            EMU.2560  2560  2560   250     1    144.49    140.96     12.13     12.49  90858.30 0.47 0.75  2.15   2016.45   1438.00
boskop            EMU.2560  2560  2560   250     1    143.78    140.24     11.76     12.45  90877.29 0.47 0.75  2.15   2016.45   1438.00
boskop            EMU.2560  2560  2560   250     1    144.19    140.65     12.14     12.06  90702.99 0.47 0.75  2.12   2016.45   1438.00
boskop            EMU.2560  2560  2560   250     1    144.45    140.92     12.14     12.29  90728.89 0.47 0.75  2.06   2016.45   1438.00
boskop            EMU.2560  2560  2560   250     1    144.91    141.37     12.20     12.28  90719.97 0.47 0.75  2.04   2016.45   1438.00
boskop            EMU.2560  2560  2560   250     1    144.33    140.80     11.65     12.01  90854.70 0.47 0.75  2.04   2016.45   1438.00
boskop            EMU.2560  2560  2560   250     1    144.72    141.19     12.10     12.29  90856.23 0.47 0.75  2.08   2016.45   1438.00
boskop       MEAN_EMU.2560  2560  2560   250     1    144.16    140.62     12.02     12.31  90789.50 0.47 0.75  2.10   2016.45   1438.00
boskop        STD_EMU.2560  2560  2560   250     1      0.85      0.86      0.20      0.16     75.84 0.00 0.00  0.06      0.00      0.00
boskop       STAT_EMU.2560  2560  2560   250     1    144.16      0.85    140.62      0.86     12.02      0.20     12.31      0.16  90789.50     75.84 0.47 0.00 0.75 0.00  2.10  0.06   2016.45      0.00   1438.00      0.00

boskop       STAT_EXE.2560  2560  2560   250     2    150.10      0.50
boskop            PRO.2560  2560  2560   250     2    155.04 --------- --------- ---------  92673.24 0.45 0.82  3.19   2016.01   1437.55
boskop            PRO.2560  2560  2560   250     2    156.17 --------- --------- ---------  92856.03 0.44 0.81  3.07   2016.01   1437.55
boskop            PRO.2560  2560  2560   250     2    156.04 --------- --------- ---------  92509.42 0.44 0.81  3.09   2016.01   1437.55
boskop            PRO.2560  2560  2560   250     2    154.82 --------- --------- ---------  92981.82 0.45 0.81  3.09   2016.01   1437.55
boskop            PRO.2560  2560  2560   250     2    154.24 --------- --------- ---------  92807.37 0.45 0.81  3.00   2016.01   1437.55
boskop            PRO.2560  2560  2560   250     2    153.84 --------- --------- ---------  92870.87 0.45 0.81  3.14   2016.01   1437.55
