
# host                  id     x     y     z stress   t_real     t_cpu     t_mem      t_io       cpu util  eff  load       mem        io
boskop       STAT_EXE.2560  2560  2560   250     0    153.08      1.58
boskop            PRO.2560  2560  2560   250     0    152.67 --------- --------- ---------  92661.26 0.45 0.82  1.36   1871.94   1437.55
boskop            PRO.2560  2560  2560   250     0    153.54 --------- --------- ---------  92934.75 0.45 0.81  1.37   2015.96   1437.55
boskop            PRO.2560  2560  2560   250     0    153.33 --------- --------- ---------  92673.66 0.45 0.81  1.37   2015.97   1437.55
boskop            PRO.2560  2560  2560   250     0    155.74 --------- --------- ---------  92836.75 0.45 0.81  1.23   2015.97   1437.55
boskop            PRO.2560  2560  2560   250     0    154.23 --------- --------- ---------  92952.24 0.45 0.82  1.19   2015.97   1437.55
boskop            PRO.2560  2560  2560   250     0    154.22 --------- --------- ---------  92848.32 0.45 0.81  1.16   2015.96   1437.55
boskop            PRO.2560  2560  2560   250     0    153.74 --------- --------- ---------  92642.47 0.45 0.81  1.28   2015.96   1437.55
boskop            PRO.2560  2560  2560   250     0    154.23 --------- --------- ---------  92905.80 0.45 0.81  1.29   2015.97   1437.55
boskop            PRO.2560  2560  2560   250     0    153.14 --------- --------- ---------  92731.87 0.45 0.82  1.27   2015.96   1437.55
boskop            PRO.2560  2560  2560   250     0    155.64 --------- --------- ---------  92893.86 0.45 0.81  1.23   2015.96   1437.55
boskop       MEAN_PRO.2560  2560  2560   250     0    154.05 --------- --------- ---------  92808.10 0.45 0.81  1.27   2001.56   1437.55
boskop        STD_PRO.2560  2560  2560   250     0      0.95 --------- --------- ---------    113.59 0.00 0.00  0.07     43.21      0.00
boskop       STAT_PRO.2560  2560  2560   250     0    154.05      0.95 --------- --------- --------- --------- --------- ---------  92808.10    113.59 0.45 0.00 0.81 0.00  1.27  0.07   2001.56     43.21   1437.55      0.00
boskop            EMU.2560  2560  2560   250     0    144.92    141.37     11.92     12.23  90959.37 0.47 0.75  1.19   2001.23   1438.00
boskop            EMU.2560  2560  2560   250     0    144.94    141.40     11.79     12.16  90775.35 0.47 0.75  1.25   2001.23   1438.00
boskop            EMU.2560  2560  2560   250     0    144.29    140.76     11.93     12.23  90770.61 0.47 0.75  1.32   2001.23   1438.00
boskop            EMU.2560  2560  2560   250     0    144.67    141.13     11.44     12.23  90787.46 0.47 0.75  1.22   2001.23   1438.00
boskop            EMU.2560  2560  2560   250     0    142.68    139.15     11.53     12.13  90803.42 0.48 0.76  1.17   2001.23   1438.00
boskop            EMU.2560  2560  2560   250     0    145.43    141.90     11.94     12.16  90771.09 0.47 0.75  1.23   2001.23   1438.00
boskop            EMU.2560  2560  2560   250     0    144.59    141.06     11.95     12.16  90806.77 0.47 0.75  1.15   2001.23   1438.00
boskop            EMU.2560  2560  2560   250     0    144.88    141.34     11.94     12.19  90953.14 0.47 0.75  1.19   2001.23   1438.00
boskop            EMU.2560  2560  2560   250     0    144.69    141.15     11.91     12.23  90807.55 0.47 0.75  1.56   2001.23   1438.00
boskop            EMU.2560  2560  2560   250     0    143.60    140.07     11.92     12.19  90943.03 0.47 0.75  1.51   2001.23   1438.00
boskop       MEAN_EMU.2560  2560  2560   250     0    144.47    140.93     11.83     12.19  90837.78 0.47 0.75  1.28   2001.23   1438.00
boskop        STD_EMU.2560  2560  2560   250     0      0.75      0.75      0.18      0.04     75.91 0.00 0.00  0.14      0.00      0.00
boskop       STAT_EMU.2560  2560  2560   250     0    144.47      0.75    140.93      0.75     11.83      0.18     12.19      0.04  90837.78     75.91 0.47 0.00 0.75 0.00  1.28  0.14   2001.23      0.00   1438.00      0.00

boskop       STAT_EXE.2560  2560  2560   250     1    150.90      0.89
boskop            PRO.2560  2560  2560   250     1    152.28 --------- --------- ---------  92650.52 0.45 0.82  2.35   1871.84   1437.55
boskop            PRO.2560  2560  2560   250     1    154.46 --------- --------- ---------  92854.26 0.45 0.81  2.14   2016.02   1437.55
boskop            PRO.2560  2560  2560   250     1    152.20 --------- --------- ---------  92731.51 0.46 0.82  2.29   2016.02   1437.55
boskop            PRO.2560  2560  2560   250     1    154.09 --------- --------- ---------  92968.98 0.45 0.81  2.19   2016.02   1437.55
boskop            PRO.2560  2560  2560   250     1    153.55 --------- --------- ---------  92633.70 0.45 0.82  2.29   2016.02   1437.55
boskop            PRO.2560  2560  2560   250     1    155.20 --------- --------- ---------  92770.99 0.45 0.81  2.29   2016.02   1437.55
boskop            PRO.2560  2560  2560   250     1    155.54 --------- --------- ---------  92643.47 0.45 0.81  2.17   2016.02   1437.55
boskop            PRO.2560  2560  2560   250     1    155.53 --------- --------- ---------  92840.43 0.45 0.82  2.12   2016.02   1437.55
boskop            PRO.2560  2560  2560   250     1    153.23 --------- --------- ---------  92770.07 0.45 0.82  2.03   2016.02   1437.55
boskop            PRO.2560  2560  2560   250     1    154.93 --------- --------- ---------  92925.31 0.45 0.81  2.06   2016.02   1437.55
boskop       MEAN_PRO.2560  2560  2560   250     1    154.10 --------- --------- ---------  92778.92 0.45 0.82  2.19   2001.60   1437.55
boskop        STD_PRO.2560  2560  2560   250     1      1.19 --------- --------- ---------    111.95 0.00 0.00  0.10     43.25      0.00
boskop       STAT_PRO.2560  2560  2560   250     1    154.10      1.19 --------- --------- --------- --------- --------- ---------  92778.92    111.95 0.45 0.00 0.82 0.00  2.19  0.10   2001.60     43.25   1437.55      0.00
boskop            EMU.2560  2560  2560   250     1    144.62    141.06     12.02     12.53  90893.52 0.47 0.75  2.18   2001.23   1438.00
boskop            EMU.2560  2560  2560   250     1    145.40    141.87     12.32     12.60  90722.83 0.47 0.75  2.18   2001.23   1438.00
boskop            EMU.2560  2560  2560   250     1    143.82    140.30     12.05     12.50  90750.85 0.47 0.75  2.18   2001.23   1438.00
boskop            EMU.2560  2560  2560   250     1    144.36    140.83     12.17     12.38  90758.84 0.47 0.75  2.08   2001.23   1438.00
boskop            EMU.2560  2560  2560   250     1    143.98    140.45     11.98     12.33  90717.20 0.47 0.75  2.04   2001.23   1438.00
boskop            EMU.2560  2560  2560   250     1    144.87    141.34     12.27     12.28  90727.93 0.47 0.75  2.04   2001.23   1438.00
boskop            EMU.2560  2560  2560   250     1    144.94    141.42     12.05     12.22  90882.31 0.47 0.75  2.05   2001.23   1438.00
boskop            EMU.2560  2560  2560   250     1    144.66    141.14     12.04     12.30  90905.67 0.47 0.75  2.06   2001.23   1438.00
boskop            EMU.2560  2560  2560   250     1    144.96    141.43     11.94     12.25  90744.35 0.47 0.75  2.04   2001.23   1438.00
boskop            EMU.2560  2560  2560   250     1    143.93    140.40     12.22     12.10  90733.11 0.47 0.75  2.08   2001.23   1438.00
boskop       MEAN_EMU.2560  2560  2560   250     1    144.55    141.02     12.11     12.35  90783.66 0.47 0.75  2.09   2001.23   1438.00
boskop        STD_EMU.2560  2560  2560   250     1      0.49      0.49      0.12      0.15     73.28 0.00 0.00  0.06      0.00      0.00
boskop       STAT_EMU.2560  2560  2560   250     1    144.55      0.49    141.02      0.49     12.11      0.12     12.35      0.15  90783.66     73.28 0.47 0.00 0.75 0.00  2.09  0.06   2001.23      0.00   1438.00      0.00

boskop       STAT_EXE.2560  2560  2560   250     2    149.68      0.69
boskop            PRO.2560  2560  2560   250     2    154.35 --------- --------- ---------  92778.95 0.45 0.82  3.22   2016.00   1437.55
boskop            PRO.2560  2560  2560   250     2    153.70 --------- --------- ---------  92731.96 0.45 0.82  3.13   2016.00   1437.55
boskop            PRO.2560  2560  2560   250     2    154.17 --------- --------- ---------  92607.65 0.45 0.82  3.13   2016.00   1437.55
boskop            PRO.2560  2560  2560   250     2    153.94 --------- --------- ---------  92671.73 0.45 0.82  3.07   2016.00   1437.55
boskop            PRO.2560  2560  2560   250     2    154.16 --------- --------- ---------  92619.68 0.45 0.82  3.12   2016.00   1437.55
boskop            PRO.2560  2560  2560   250     2    155.20 --------- --------- ---------  92724.81 0.45 0.82  3.28   2016.00   1437.55
boskop            PRO.2560  2560  2560   250     2    153.77 --------- --------- ---------  92718.80 0.45 0.82  3.33   2016.00   1437.55
boskop            PRO.2560  2560  2560   250     2    153.63 --------- --------- ---------  92671.33 0.45 0.82  3.24   2016.00   1437.55
boskop            PRO.2560  2560  2560   250     2    154.20 --------- --------- ---------  92706.98 0.45 0.82  3.24   2016.00   1437.55
boskop            PRO.2560  2560  2560   250     2    155.03 --------- --------- ---------  92708.71 0.45 0.82  3.07   2016.00   1437.55
boskop       MEAN_PRO.2560  2560  2560   250     2    154.22 --------- --------- ---------  92694.06 0.45 0.82  3.18   2016.00   1437.55
boskop        STD_PRO.2560  2560  2560   250     2      0.50 --------- --------- ---------     49.60 0.00 0.00  0.09      0.00      0.00
boskop       STAT_PRO.2560  2560  2560   250     2    154.22      0.50 --------- --------- --------- --------- --------- ---------  92694.06     49.60 0.45 0.00 0.82 0.00  3.18  0.09   2016.00      0.00   1437.55      0.00
boskop            EMU.2560  2560  2560   250     2    147.07    143.54     13.39     12.31  90691.38 0.46 0.75  3.07   2016.45   1438.00
boskop            EMU.2560  2560  2560   250     2    147.73    144.20     13.64     12.38  90724.18 0.46 0.75  3.05   2016.44   1438.00
boskop            EMU.2560  2560  2560   250     2    146.80    143.27     13.82     12.36  90713.84 0.46 0.75  2.98   2016.45   1438.00
boskop            EMU.2560  2560  2560   250     2    145.80    142.27     13.81     12.37  90742.07 0.47 0.75  3.13   2016.45   1438.00
boskop            EMU.2560  2560  2560   250     2    145.65    142.12     13.29     12.27  90687.20 0.47 0.75  3.08   2016.45   1438.00
boskop            EMU.2560  2560  2560   250     2    146.84    143.31     13.81     12.26  90875.32 0.46 0.75  3.05   2016.45   1438.00
boskop            EMU.2560  2560  2560   250     2    146.89    143.36     13.42     12.22  90876.96 0.46 0.75  3.06   2016.45   1438.00
boskop            EMU.2560  2560  2560   250     2    146.73    143.20     13.92     12.21  90882.16 0.46 0.75  3.07   2016.45   1438.00
boskop            EMU.2560  2560  2560   250     2    147.19    143.66     13.82     12.30  90696.03 0.46 0.75  3.06   2016.45   1438.00
boskop            EMU.2560  2560  2560   250     2    146.10    142.57     13.87     12.28  90873.07 0.46 0.75  3.10   2016.45   1438.00
boskop       MEAN_EMU.2560  2560  2560   250     2    146.68    143.15     13.68     12.30  90776.22 0.46 0.75  3.06   2016.44   1438.00
boskop        STD_EMU.2560  2560  2560   250     2      0.61      0.61      0.22      0.06     83.60 0.00 0.00  0.04      0.00      0.00
boskop       STAT_EMU.2560  2560  2560   250     2    146.68      0.61    143.15      0.61     13.68      0.22     12.30      0.06  90776.22     83.60 0.46 0.00 0.75 0.00  3.06  0.04   2016.44      0.00   1438.00      0.00

boskop            EXE.2560  2560  2560   250     3    178.21
boskop            EXE.2560  2560  2560   250     3    174.44
boskop            EXE.2560  2560  2560   250     3    175.39
boskop            EXE.2560  2560  2560   250     3    176.70
boskop            EXE.2560  2560  2560   250     3    177.88
boskop            EXE.2560  2560  2560   250     3    176.99
boskop            EXE.2560  2560  2560   250     3    174.65
boskop            EXE.2560  2560  2560   250     3    178.00
boskop            EXE.2560  2560  2560   250     3    175.12
boskop       STAT_EXE.2560  2560  2560   250     3    176.49      1.39
boskop            PRO.2560  2560  2560   250     3    177.01 --------- --------- ---------  92613.10 0.39 0.83  4.18   1872.01   1437.55
boskop            PRO.2560  2560  2560   250     3    177.01 --------- --------- ---------  92613.10 0.39 0.83  4.18   1872.01   1437.55
boskop            PRO.2560  2560  2560   250     3    177.73 --------- --------- ---------  92931.03 0.39 0.82  4.12   2016.02   1437.55
boskop            PRO.2560  2560  2560   250     3    177.73 --------- --------- ---------  92931.03 0.39 0.82  4.12   2016.02   1437.55
boskop            PRO.2560  2560  2560   250     3    176.76 --------- --------- ---------  92712.10 0.39 0.82  4.12   2016.02   1437.55
boskop            PRO.2560  2560  2560   250     3    176.76 --------- --------- ---------  92712.10 0.39 0.82  4.12   2016.02   1437.55
boskop            PRO.2560  2560  2560   250     3    180.85 --------- --------- ---------  92882.41 0.38 0.82  4.16   2016.02   1437.55
boskop            PRO.2560  2560  2560   250     3    180.85 --------- --------- ---------  92882.41 0.38 0.82  4.16   2016.02   1437.55
boskop            PRO.2560  2560  2560   250     3    176.18 --------- --------- ---------  92638.06 0.39 0.82  4.24   2016.02   1437.55
boskop            PRO.2560  2560  2560   250     3    176.18 --------- --------- ---------  92638.06 0.39 0.82  4.24   2016.02   1437.55
boskop            PRO.2560  2560  2560   250     3    181.54 --------- --------- ---------  92910.62 0.38 0.82  4.14   2016.02   1437.55
boskop            PRO.2560  2560  2560   250     3    181.54 --------- --------- ---------  92910.62 0.38 0.82  4.14   2016.02   1437.55
boskop            PRO.2560  2560  2560   250     3    176.10 --------- --------- ---------  92661.51 0.39 0.82  4.18   2016.02   1437.55
boskop            PRO.2560  2560  2560   250     3    176.10 --------- --------- ---------  92661.51 0.39 0.82  4.18   2016.02   1437.55
boskop            PRO.2560  2560  2560   250     3    177.80 --------- --------- ---------  92970.20 0.39 0.82  4.17   2016.02   1437.55
boskop            PRO.2560  2560  2560   250     3    177.80 --------- --------- ---------  92970.20 0.39 0.82  4.17   2016.02   1437.55
boskop            PRO.2560  2560  2560   250     3    179.61 --------- --------- ---------  92723.96 0.39 0.82  4.07   2016.02   1437.55
boskop            PRO.2560  2560  2560   250     3    179.61 --------- --------- ---------  92723.96 0.39 0.82  4.07   2016.02   1437.55
boskop            PRO.2560  2560  2560   250     3    180.04 --------- --------- ---------  92887.41 0.39 0.82  4.08   2016.02   1437.55
boskop       MEAN_PRO.2560  2560  2560   250     3    178.36 --------- --------- ---------  92793.04 0.39 0.82  4.15   2001.62   1437.55
boskop        STD_PRO.2560  2560  2560   250     3      1.89 --------- --------- ---------    128.91 0.00 0.00  0.05     43.20      0.00
boskop       STAT_PRO.2560  2560  2560   250     3    178.36      1.89 --------- --------- --------- --------- --------- ---------  92793.04    128.91 0.39 0.00 0.82 0.00  4.15  0.05   2001.62     43.20   1437.55      0.00
boskop            PRO.2560  2560  2560   250     3    180.04 --------- --------- ---------  92887.41 0.39 0.82  4.08   2016.02   1437.55
boskop       MEAN_PRO.2560  2560  2560   250     3    178.36 --------- --------- ---------  92793.04 0.39 0.82  4.15   2001.62   1437.55
boskop        STD_PRO.2560  2560  2560   250     3      1.89 --------- --------- ---------    128.91 0.00 0.00  0.05     43.20      0.00
boskop       STAT_PRO.2560  2560  2560   250     3    178.36      1.89 --------- --------- --------- --------- --------- ---------  92793.04    128.91 0.39 0.00 0.82 0.00  4.15  0.05   2001.62     43.20   1437.55      0.00
boskop            EMU.2560  2560  2560   250     3    171.28    167.75     13.37     12.29  90834.29 0.40 0.75  4.04   2001.23   1438.00
boskop            EMU.2560  2560  2560   250     3    171.28    167.75     13.37     12.29  90834.29 0.40 0.75  4.04   2001.23   1438.00
boskop            EMU.2560  2560  2560   250     3    171.54    168.01     13.74     12.35  90810.93 0.40 0.75  4.09   2001.23   1438.00
boskop            EMU.2560  2560  2560   250     3    171.54    168.01     13.74     12.35  90810.93 0.40 0.75  4.09   2001.23   1438.00
boskop            EMU.2560  2560  2560   250     3    171.43    167.89     13.23     12.24  90894.15 0.40 0.75  4.04   2001.23   1438.00
boskop            EMU.2560  2560  2560   250     3    171.43    167.89     13.23     12.24  90894.15 0.40 0.75  4.04   2001.23   1438.00
boskop            EMU.2560  2560  2560   250     3    171.60    168.07     13.72     12.36  90889.01 0.40 0.75  4.12   2001.23   1438.00
boskop            EMU.2560  2560  2560   250     3    171.60    168.07     13.72     12.36  90889.01 0.40 0.75  4.12   2001.23   1438.00
boskop            EMU.2560  2560  2560   250     3    171.97    168.43     13.82     12.36  90912.59 0.40 0.75  4.26   2001.23   1438.00
boskop            EMU.2560  2560  2560   250     3    171.97    168.43     13.82     12.36  90912.59 0.40 0.75  4.26   2001.23   1438.00
boskop            EMU.2560  2560  2560   250     3    171.97    168.43     13.51     12.36  90856.06 0.39 0.75  4.16   2001.23   1438.00
boskop            EMU.2560  2560  2560   250     3    171.97    168.43     13.51     12.36  90856.06 0.39 0.75  4.16   2001.23   1438.00
boskop            EMU.2560  2560  2560   250     3    171.15    167.62     13.54     12.22  90888.03 0.40 0.75  4.04   2001.23   1438.00
boskop            EMU.2560  2560  2560   250     3    171.15    167.62     13.54     12.22  90888.03 0.40 0.75  4.04   2001.23   1438.00
boskop            EMU.2560  2560  2560   250     3    171.34    167.80     13.71     12.36  90869.60 0.40 0.75  4.05   2001.23   1438.00
boskop            EMU.2560  2560  2560   250     3    171.34    167.80     13.71     12.36  90869.60 0.40 0.75  4.05   2001.23   1438.00
boskop            EMU.2560  2560  2560   250     3    171.47    167.93     13.76     12.22  90893.19 0.40 0.75  4.05   2001.23   1438.00
boskop            EMU.2560  2560  2560   250     3    171.47    167.93     13.76     12.22  90893.19 0.40 0.75  4.05   2001.23   1438.00
boskop            EMU.2560  2560  2560   250     3    171.05    167.51     13.54     12.22  90823.74 0.40 0.75  4.41   2001.23   1438.00
boskop       MEAN_EMU.2560  2560  2560   250     3    171.48    167.94     13.59     12.30  90867.16 0.40 0.75  4.13   2001.23   1438.00
boskop        STD_EMU.2560  2560  2560   250     3      0.29      0.29      0.18      0.06     32.62 0.00 0.00  0.12      0.00      0.00
boskop       STAT_EMU.2560  2560  2560   250     3    171.48      0.29    167.94      0.29     13.59      0.18     12.30      0.06  90867.16     32.62 0.40 0.00 0.75 0.00  4.13  0.12   2001.23      0.00   1438.00      0.00

boskop            EXE.2560  2560  2560   250     4    171.02
boskop            EXE.2560  2560  2560   250     4    171.20
boskop            EXE.2560  2560  2560   250     4    172.13
boskop            EXE.2560  2560  2560   250     4    172.21
boskop            EXE.2560  2560  2560   250     4    173.72
boskop            EXE.2560  2560  2560   250     4    172.53
boskop            EXE.2560  2560  2560   250     4    172.45
boskop            EXE.2560  2560  2560   250     4    173.22
boskop            EXE.2560  2560  2560   250     4    173.17
boskop            EXE.2560  2560  2560   250     4    172.64
boskop       STAT_EXE.2560  2560  2560   250     4    172.43      0.81
boskop            EMU.2560  2560  2560   250     3    171.05    167.51     13.54     12.22  90823.74 0.40 0.75  4.41   2001.23   1438.00
boskop       MEAN_EMU.2560  2560  2560   250     3    171.48    167.94     13.59     12.30  90867.16 0.40 0.75  4.13   2001.23   1438.00
boskop        STD_EMU.2560  2560  2560   250     3      0.29      0.29      0.18      0.06     32.62 0.00 0.00  0.12      0.00      0.00
boskop       STAT_EMU.2560  2560  2560   250     3    171.48      0.29    167.94      0.29     13.59      0.18     12.30      0.06  90867.16     32.62 0.40 0.00 0.75 0.00  4.13  0.12   2001.23      0.00   1438.00      0.00

boskop            EXE.2560  2560  2560   250     4    171.02
boskop            EXE.2560  2560  2560   250     4    171.20
boskop            EXE.2560  2560  2560   250     4    172.13
boskop            EXE.2560  2560  2560   250     4    172.21
boskop            EXE.2560  2560  2560   250     4    173.72
boskop            EXE.2560  2560  2560   250     4    172.53
boskop            EXE.2560  2560  2560   250     4    172.45
boskop            EXE.2560  2560  2560   250     4    173.22
boskop            EXE.2560  2560  2560   250     4    173.17
boskop            EXE.2560  2560  2560   250     4    172.64
boskop       STAT_EXE.2560  2560  2560   250     4    172.43      0.81
boskop            PRO.2560  2560  2560   250     4    176.07 --------- --------- ---------  92674.01 0.39 0.82  5.33   2015.98   1437.55
boskop            PRO.2560  2560  2560   250     4    176.07 --------- --------- ---------  92674.01 0.39 0.82  5.33   2015.98   1437.55
boskop            PRO.2560  2560  2560   250     4    176.72 --------- --------- ---------  92717.34 0.39 0.82  5.12   2015.98   1437.55
boskop            PRO.2560  2560  2560   250     4    176.72 --------- --------- ---------  92717.34 0.39 0.82  5.12   2015.98   1437.55
boskop            PRO.2560  2560  2560   250     4    176.53 --------- --------- ---------  92600.49 0.39 0.82  5.09   2015.98   1437.55
boskop            PRO.2560  2560  2560   250     4    176.53 --------- --------- ---------  92600.49 0.39 0.82  5.09   2015.98   1437.55
boskop            PRO.2560  2560  2560   250     4    175.85 --------- --------- ---------  92766.81 0.39 0.82  5.17   2015.98   1437.55
boskop            PRO.2560  2560  2560   250     4    175.85 --------- --------- ---------  92766.81 0.39 0.82  5.17   2015.98   1437.55
boskop            PRO.2560  2560  2560   250     4    176.20 --------- --------- ---------  92671.39 0.39 0.82  5.25   2015.98   1437.55
boskop            PRO.2560  2560  2560   250     4    176.20 --------- --------- ---------  92671.39 0.39 0.82  5.25   2015.98   1437.55
boskop            PRO.2560  2560  2560   250     4    176.41 --------- --------- ---------  92714.33 0.39 0.82  5.23   2015.98   1437.55
boskop            PRO.2560  2560  2560   250     4    176.41 --------- --------- ---------  92714.33 0.39 0.82  5.23   2015.98   1437.55
boskop            PRO.2560  2560  2560   250     4    176.23 --------- --------- ---------  92704.45 0.39 0.82  5.11   2015.98   1437.55
boskop            PRO.2560  2560  2560   250     4    176.23 --------- --------- ---------  92704.45 0.39 0.82  5.11   2015.98   1437.55
boskop            PRO.2560  2560  2560   250     4    178.37 --------- --------- ---------  92719.63 0.39 0.82  5.11   2015.98   1437.55
boskop            PRO.2560  2560  2560   250     4    178.37 --------- --------- ---------  92719.63 0.39 0.82  5.11   2015.98   1437.55
boskop            PRO.2560  2560  2560   250     4    177.78 --------- --------- ---------  92745.05 0.39 0.82  5.11   2015.98   1437.55
boskop            PRO.2560  2560  2560   250     4    177.78 --------- --------- ---------  92745.05 0.39 0.82  5.11   2015.98   1437.55
boskop            PRO.2560  2560  2560   250     4    178.38 --------- --------- ---------  92729.80 0.39 0.82  5.16   2015.98   1437.55
boskop       MEAN_PRO.2560  2560  2560   250     4    176.85 --------- --------- ---------  92704.33 0.39 0.82  5.17   2015.98   1437.55
boskop        STD_PRO.2560  2560  2560   250     4      0.91 --------- --------- ---------     44.16 0.00 0.00  0.07      0.00      0.00
boskop       STAT_PRO.2560  2560  2560   250     4    176.85      0.91 --------- --------- --------- --------- --------- ---------  92704.33     44.16 0.39 0.00 0.82 0.00  5.17  0.07   2015.98      0.00   1437.55      0.00
boskop            PRO.2560  2560  2560   250     4    178.38 --------- --------- ---------  92729.80 0.39 0.82  5.16   2015.98   1437.55
boskop       MEAN_PRO.2560  2560  2560   250     4    176.85 --------- --------- ---------  92704.33 0.39 0.82  5.17   2015.98   1437.55
boskop        STD_PRO.2560  2560  2560   250     4      0.91 --------- --------- ---------     44.16 0.00 0.00  0.07      0.00      0.00
boskop       STAT_PRO.2560  2560  2560   250     4    176.85      0.91 --------- --------- --------- --------- --------- ---------  92704.33     44.16 0.39 0.00 0.82 0.00  5.17  0.07   2015.98      0.00   1437.55      0.00
boskop            EMU.2560  2560  2560   250     4    169.23    165.70     14.07     12.59  90843.16 0.40 0.75  5.16   2015.41   1438.00
boskop            EMU.2560  2560  2560   250     4    169.23    165.70     14.07     12.59  90843.16 0.40 0.75  5.16   2015.41   1438.00
boskop            EMU.2560  2560  2560   250     4    234.04    230.44     15.53     12.36  90759.95 0.29 0.71  5.12   2015.41   1438.00
boskop            EMU.2560  2560  2560   250     4    234.04    230.44     15.53     12.36  90759.95 0.29 0.71  5.12   2015.41   1438.00
boskop            EMU.2560  2560  2560   250     4    216.31    212.63     19.08     12.90  90839.81 0.31 0.66  5.03   2015.41   1438.00
boskop            EMU.2560  2560  2560   250     4    216.31    212.63     19.08     12.90  90839.81 0.31 0.66  5.03   2015.41   1438.00
boskop            EMU.2560  2560  2560   250     4    198.74    195.12     18.34     13.19  90808.83 0.34 0.69  5.12   2015.41   1438.00
boskop            EMU.2560  2560  2560   250     4    198.74    195.12     18.34     13.19  90808.83 0.34 0.69  5.12   2015.41   1438.00
boskop            EMU.2560  2560  2560   250     4    171.61    168.07     14.10     12.54  90772.25 0.40 0.75  5.10   2015.41   1438.00
boskop            EMU.2560  2560  2560   250     4    171.61    168.07     14.10     12.54  90772.25 0.40 0.75  5.10   2015.41   1438.00
boskop            EMU.2560  2560  2560   250     4    214.24    210.64     14.30     12.68  90851.10 0.32 0.68  5.10   2015.41   1438.00
boskop            EMU.2560  2560  2560   250     4    214.24    210.64     14.30     12.68  90851.10 0.32 0.68  5.10   2015.41   1438.00
boskop            EMU.2560  2560  2560   250     4    217.94    214.26     20.66     13.10  90781.74 0.31 0.66  5.03   2015.41   1438.00
boskop            EMU.2560  2560  2560   250     4    217.94    214.26     20.66     13.10  90781.74 0.31 0.66  5.03   2015.41   1438.00
boskop            EMU.2560  2560  2560   250     4    297.30    293.61     20.44     13.23  90821.52 0.23 0.64  5.01   2015.41   1438.00
boskop            EMU.2560  2560  2560   250     4    297.30    293.61     20.44     13.23  90821.52 0.23 0.64  5.01   2015.41   1438.00
boskop            EMU.2560  2560  2560   250     4    170.88    167.27     14.14     12.55  90819.26 0.40 0.75  5.35   2015.41   1438.00
boskop            EMU.2560  2560  2560   250     4    170.88    167.27     14.14     12.55  90819.26 0.40 0.75  5.35   2015.41   1438.00
boskop            EMU.2560  2560  2560   250     4    170.69    167.15     14.33     12.47  90790.13 0.40 0.75  5.35   2015.41   1438.00
boskop       MEAN_EMU.2560  2560  2560   250     4    206.10    202.49     16.50     12.76  90808.78 0.34 0.70  5.14   2015.41   1438.00
boskop        STD_EMU.2560  2560  2560   250     4     38.09     38.04      2.66      0.30     30.01 0.06 0.04  0.12      0.00      0.00
boskop       STAT_EMU.2560  2560  2560   250     4    206.10     38.09    202.49     38.04     16.50      2.66     12.76      0.30  90808.78     30.01 0.34 0.06 0.70 0.04  5.14  0.12   2015.41      0.00   1438.00      0.00

boskop            EXE.2560  2560  2560   250     5    273.79
boskop            EXE.2560  2560  2560   250     5    290.68
boskop            EXE.2560  2560  2560   250     5    266.93
boskop            EXE.2560  2560  2560   250     5    295.79
boskop            EXE.2560  2560  2560   250     5    252.31
boskop            EXE.2560  2560  2560   250     5    267.81
boskop            EXE.2560  2560  2560   250     5    256.24
boskop            EXE.2560  2560  2560   250     5    302.09
boskop            EXE.2560  2560  2560   250     5    256.90
boskop            EXE.2560  2560  2560   250     5    272.58
boskop       STAT_EXE.2560  2560  2560   250     5    273.51     16.46
boskop            EMU.2560  2560  2560   250     4    170.69    167.15     14.33     12.47  90790.13 0.40 0.75  5.35   2015.41   1438.00
boskop       MEAN_EMU.2560  2560  2560   250     4    206.10    202.49     16.50     12.76  90808.78 0.34 0.70  5.14   2015.41   1438.00
boskop        STD_EMU.2560  2560  2560   250     4     38.09     38.04      2.66      0.30     30.01 0.06 0.04  0.12      0.00      0.00
boskop       STAT_EMU.2560  2560  2560   250     4    206.10     38.09    202.49     38.04     16.50      2.66     12.76      0.30  90808.78     30.01 0.34 0.06 0.70 0.04  5.14  0.12   2015.41      0.00   1438.00      0.00

boskop            EXE.2560  2560  2560   250     5    273.79
boskop            EXE.2560  2560  2560   250     5    290.68
boskop            EXE.2560  2560  2560   250     5    266.93
boskop            EXE.2560  2560  2560   250     5    295.79
boskop            EXE.2560  2560  2560   250     5    252.31
boskop            EXE.2560  2560  2560   250     5    267.81
boskop            EXE.2560  2560  2560   250     5    256.24
boskop            EXE.2560  2560  2560   250     5    302.09
boskop            EXE.2560  2560  2560   250     5    256.90
boskop            EXE.2560  2560  2560   250     5    272.58
boskop       STAT_EXE.2560  2560  2560   250     5    273.51     16.46
boskop            PRO.2560  2560  2560   250     5    248.43 --------- --------- ---------  92769.95 0.28 0.72  6.13   2015.98   1437.55
boskop            PRO.2560  2560  2560   250     5    248.43 --------- --------- ---------  92769.95 0.28 0.72  6.13   2015.98   1437.55
boskop            PRO.2560  2560  2560   250     5    311.50 --------- --------- ---------  92868.34 0.22 0.68  6.06   2015.98   1437.55
boskop            PRO.2560  2560  2560   250     5    311.50 --------- --------- ---------  92868.34 0.22 0.68  6.06   2015.98   1437.55
boskop            PRO.2560  2560  2560   250     5    261.36 --------- --------- ---------  92674.80 0.27 0.72  6.34   2015.98   1437.55
boskop            PRO.2560  2560  2560   250     5    261.36 --------- --------- ---------  92674.80 0.27 0.72  6.34   2015.98   1437.55
boskop            PRO.2560  2560  2560   250     5    253.26 --------- --------- ---------  92921.56 0.27 0.70  6.23   2015.98   1437.55
boskop            PRO.2560  2560  2560   250     5    253.26 --------- --------- ---------  92921.56 0.27 0.70  6.23   2015.98   1437.55
boskop            PRO.2560  2560  2560   250     5    230.66 --------- --------- ---------  92739.88 0.30 0.71  6.11   2015.98   1437.55
boskop            PRO.2560  2560  2560   250     5    230.66 --------- --------- ---------  92739.88 0.30 0.71  6.11   2015.98   1437.55
boskop            PRO.2560  2560  2560   250     5    281.90 --------- --------- ---------  92845.35 0.25 0.72  6.13   2015.98   1437.55
boskop            PRO.2560  2560  2560   250     5    281.90 --------- --------- ---------  92845.35 0.25 0.72  6.13   2015.98   1437.55
boskop            PRO.2560  2560  2560   250     5    278.34 --------- --------- ---------  92705.28 0.25 0.72  6.11   2015.98   1437.55
boskop            PRO.2560  2560  2560   250     5    278.34 --------- --------- ---------  92705.28 0.25 0.72  6.11   2015.98   1437.55
boskop            PRO.2560  2560  2560   250     5    236.15 --------- --------- ---------  92853.23 0.29 0.71  6.10   2015.98   1437.55
boskop            PRO.2560  2560  2560   250     5    236.15 --------- --------- ---------  92853.23 0.29 0.71  6.10   2015.98   1437.55
boskop            PRO.2560  2560  2560   250     5    259.20 --------- --------- ---------  92675.09 0.27 0.71  6.04   2015.98   1437.55
boskop            PRO.2560  2560  2560   250     5    259.20 --------- --------- ---------  92675.09 0.27 0.71  6.04   2015.98   1437.55
boskop            PRO.2560  2560  2560   250     5    266.04 --------- --------- ---------  92835.25 0.26 0.72  6.10   2015.98   1437.55
boskop       MEAN_PRO.2560  2560  2560   250     5    262.68 --------- --------- ---------  92788.87 0.27 0.71  6.13   2015.98   1437.55
boskop        STD_PRO.2560  2560  2560   250     5     22.46 --------- --------- ---------     83.13 0.02 0.01  0.08      0.00      0.00
boskop       STAT_PRO.2560  2560  2560   250     5    262.68     22.46 --------- --------- --------- --------- --------- ---------  92788.87     83.13 0.27 0.02 0.71 0.01  6.13  0.08   2015.98      0.00   1437.55      0.00
boskop            PRO.2560  2560  2560   250     5    266.04 --------- --------- ---------  92835.25 0.26 0.72  6.10   2015.98   1437.55
boskop       MEAN_PRO.2560  2560  2560   250     5    262.68 --------- --------- ---------  92788.87 0.27 0.71  6.13   2015.98   1437.55
boskop        STD_PRO.2560  2560  2560   250     5     22.46 --------- --------- ---------     83.13 0.02 0.01  0.08      0.00      0.00
boskop       STAT_PRO.2560  2560  2560   250     5    262.68     22.46 --------- --------- --------- --------- --------- ---------  92788.87     83.13 0.27 0.02 0.71 0.01  6.13  0.08   2015.98      0.00   1437.55      0.00
boskop            EMU.2560  2560  2560   250     5    236.99    233.30     22.53     13.46  90889.98 0.29 0.67  6.02   2015.41   1438.00
boskop            EMU.2560  2560  2560   250     5    236.99    233.30     22.53     13.46  90889.98 0.29 0.67  6.02   2015.41   1438.00
boskop            EMU.2560  2560  2560   250     5    266.94    263.25     21.21     13.99  90917.42 0.25 0.66  6.10   2015.41   1438.00
boskop            EMU.2560  2560  2560   250     5    266.94    263.25     21.21     13.99  90917.42 0.25 0.66  6.10   2015.41   1438.00
boskop            EMU.2560  2560  2560   250     5    243.16    239.48     22.77     13.87  90861.87 0.28 0.66  6.11   2015.41   1438.00
boskop            EMU.2560  2560  2560   250     5    243.16    239.48     22.77     13.87  90861.87 0.28 0.66  6.11   2015.41   1438.00
boskop            EMU.2560  2560  2560   250     5    220.55    216.87     23.48     13.67  90897.63 0.31 0.66  6.18   2015.41   1438.00
boskop            EMU.2560  2560  2560   250     5    220.55    216.87     23.48     13.67  90897.63 0.31 0.66  6.18   2015.41   1438.00
boskop            EMU.2560  2560  2560   250     5    259.73    256.03     22.62     13.54  90933.89 0.26 0.66  6.03   2015.41   1438.00
boskop            EMU.2560  2560  2560   250     5    259.73    256.03     22.62     13.54  90933.89 0.26 0.66  6.03   2015.41   1438.00
boskop            EMU.2560  2560  2560   250     5    274.61    270.89     22.87     13.77  90948.47 0.25 0.65  6.03   2015.41   1438.00
boskop            EMU.2560  2560  2560   250     5    274.61    270.89     22.87     13.77  90948.47 0.25 0.65  6.03   2015.41   1438.00
boskop            EMU.2560  2560  2560   250     5    231.31    227.59     22.80     13.89  90850.60 0.29 0.66  6.12   2015.41   1438.00
boskop            EMU.2560  2560  2560   250     5    231.31    227.59     22.80     13.89  90850.60 0.29 0.66  6.12   2015.41   1438.00
boskop            EMU.2560  2560  2560   250     5    227.63    223.94     23.32     13.53  90909.43 0.30 0.66  6.12   2015.41   1438.00
boskop            EMU.2560  2560  2560   250     5    227.63    223.94     23.32     13.53  90909.43 0.30 0.66  6.12   2015.41   1438.00
boskop            EMU.2560  2560  2560   250     5    269.64    265.95     22.64     13.60  90912.78 0.25 0.64  6.01   2015.41   1438.00
boskop            EMU.2560  2560  2560   250     5    269.64    265.95     22.64     13.60  90912.78 0.25 0.64  6.01   2015.41   1438.00
boskop            EMU.2560  2560  2560   250     5    226.63    222.92     22.99     13.28  90883.31 0.30 0.66  5.95   2015.41   1438.00
boskop       MEAN_EMU.2560  2560  2560   250     5    245.72    242.02     22.72     13.66  90900.54 0.28 0.66  6.07   2015.41   1438.00
boskop        STD_EMU.2560  2560  2560   250     5     19.15     19.15      0.58      0.21     28.86 0.02 0.01  0.07      0.00      0.00
boskop       STAT_EMU.2560  2560  2560   250     5    245.72     19.15    242.02     19.15     22.72      0.58     13.66      0.21  90900.54     28.86 0.28 0.02 0.66 0.01  6.07  0.07   2015.41      0.00   1438.00      0.00

boskop            EXE.2560  2560  2560   250     6    293.10
boskop            EXE.2560  2560  2560   250     6    288.86
boskop            EXE.2560  2560  2560   250     6    287.09
boskop            EXE.2560  2560  2560   250     6    292.28
boskop            EXE.2560  2560  2560   250     6    289.70
boskop            EXE.2560  2560  2560   250     6    285.01
boskop            EXE.2560  2560  2560   250     6    291.77
boskop            EXE.2560  2560  2560   250     6    288.63
boskop            EXE.2560  2560  2560   250     6    283.60
boskop            EXE.2560  2560  2560   250     6    288.85
boskop       STAT_EXE.2560  2560  2560   250     6    288.89      2.91
boskop            EMU.2560  2560  2560   250     5    226.63    222.92     22.99     13.28  90883.31 0.30 0.66  5.95   2015.41   1438.00
boskop       MEAN_EMU.2560  2560  2560   250     5    245.72    242.02     22.72     13.66  90900.54 0.28 0.66  6.07   2015.41   1438.00
boskop        STD_EMU.2560  2560  2560   250     5     19.15     19.15      0.58      0.21     28.86 0.02 0.01  0.07      0.00      0.00
boskop       STAT_EMU.2560  2560  2560   250     5    245.72     19.15    242.02     19.15     22.72      0.58     13.66      0.21  90900.54     28.86 0.28 0.02 0.66 0.01  6.07  0.07   2015.41      0.00   1438.00      0.00

boskop            EXE.2560  2560  2560   250     6    293.10
boskop            EXE.2560  2560  2560   250     6    288.86
boskop            EXE.2560  2560  2560   250     6    287.09
boskop            EXE.2560  2560  2560   250     6    292.28
boskop            EXE.2560  2560  2560   250     6    289.70
boskop            EXE.2560  2560  2560   250     6    285.01
boskop            EXE.2560  2560  2560   250     6    291.77
boskop            EXE.2560  2560  2560   250     6    288.63
boskop            EXE.2560  2560  2560   250     6    283.60
boskop            EXE.2560  2560  2560   250     6    288.85
boskop       STAT_EXE.2560  2560  2560   250     6    288.89      2.91
boskop            PRO.2560  2560  2560   250     6    284.15 --------- --------- ---------  92758.90 0.24 0.71  7.25   2015.98   1437.55
boskop            PRO.2560  2560  2560   250     6    284.15 --------- --------- ---------  92758.90 0.24 0.71  7.25   2015.98   1437.55
boskop            PRO.2560  2560  2560   250     6    281.91 --------- --------- ---------  92729.06 0.25 0.71  7.15   2015.98   1437.55
boskop            PRO.2560  2560  2560   250     6    281.91 --------- --------- ---------  92729.06 0.25 0.71  7.15   2015.98   1437.55
boskop            PRO.2560  2560  2560   250     6    287.30 --------- --------- ---------  92740.04 0.24 0.71  7.03   2015.98   1437.55
boskop            PRO.2560  2560  2560   250     6    287.30 --------- --------- ---------  92740.04 0.24 0.71  7.03   2015.98   1437.55
boskop            PRO.2560  2560  2560   250     6    289.09 --------- --------- ---------  92732.93 0.24 0.71  7.17   2015.98   1437.55
boskop            PRO.2560  2560  2560   250     6    289.09 --------- --------- ---------  92732.93 0.24 0.71  7.17   2015.98   1437.55
boskop            PRO.2560  2560  2560   250     6    284.54 --------- --------- ---------  92727.64 0.24 0.71  7.17   2015.98   1437.55
boskop            PRO.2560  2560  2560   250     6    284.54 --------- --------- ---------  92727.64 0.24 0.71  7.17   2015.98   1437.55
boskop            PRO.2560  2560  2560   250     6    291.78 --------- --------- ---------  92673.83 0.24 0.71  7.10   2015.98   1437.55
boskop            PRO.2560  2560  2560   250     6    291.78 --------- --------- ---------  92673.83 0.24 0.71  7.10   2015.98   1437.55
boskop            PRO.2560  2560  2560   250     6    281.37 --------- --------- ---------  92715.45 0.25 0.71  7.10   2015.98   1437.55
boskop            PRO.2560  2560  2560   250     6    281.37 --------- --------- ---------  92715.45 0.25 0.71  7.10   2015.98   1437.55
boskop            PRO.2560  2560  2560   250     6    281.52 --------- --------- ---------  92713.40 0.25 0.71  7.06   2015.98   1437.55
boskop            PRO.2560  2560  2560   250     6    281.52 --------- --------- ---------  92713.40 0.25 0.71  7.06   2015.98   1437.55
boskop            PRO.2560  2560  2560   250     6    287.88 --------- --------- ---------  92786.68 0.24 0.71  7.46   2015.98   1437.55
boskop            PRO.2560  2560  2560   250     6    287.88 --------- --------- ---------  92786.68 0.24 0.71  7.46   2015.98   1437.55
boskop            PRO.2560  2560  2560   250     6    282.05 --------- --------- ---------  92697.87 0.25 0.71  7.35   2015.98   1437.55
boskop       MEAN_PRO.2560  2560  2560   250     6    285.16 --------- --------- ---------  92727.58 0.24 0.71  7.18   2015.98   1437.55
boskop        STD_PRO.2560  2560  2560   250     6      3.47 --------- --------- ---------     29.63 0.00 0.00  0.13      0.00      0.00
boskop       STAT_PRO.2560  2560  2560   250     6    285.16      3.47 --------- --------- --------- --------- --------- ---------  92727.58     29.63 0.24 0.00 0.71 0.00  7.18  0.13   2015.98      0.00   1437.55      0.00
boskop            PRO.2560  2560  2560   250     6    282.05 --------- --------- ---------  92697.87 0.25 0.71  7.35   2015.98   1437.55
boskop       MEAN_PRO.2560  2560  2560   250     6    285.16 --------- --------- ---------  92727.58 0.24 0.71  7.18   2015.98   1437.55
boskop        STD_PRO.2560  2560  2560   250     6      3.47 --------- --------- ---------     29.63 0.00 0.00  0.13      0.00      0.00
boskop       STAT_PRO.2560  2560  2560   250     6    285.16      3.47 --------- --------- --------- --------- --------- ---------  92727.58     29.63 0.24 0.00 0.71 0.00  7.18  0.13   2015.98      0.00   1437.55      0.00
boskop            EMU.2560  2560  2560   250     6    274.17    270.32     26.46     13.37  90848.87 0.25 0.66  7.18   2015.41   1438.00
boskop            EMU.2560  2560  2560   250     6    274.17    270.32     26.46     13.37  90848.87 0.25 0.66  7.18   2015.41   1438.00
boskop            EMU.2560  2560  2560   250     6    277.25    273.33     26.50     13.93  90852.97 0.24 0.66  7.01   2015.41   1438.00
boskop            EMU.2560  2560  2560   250     6    277.25    273.33     26.50     13.93  90852.97 0.24 0.66  7.01   2015.41   1438.00
boskop            EMU.2560  2560  2560   250     6    278.65    274.73     26.83     13.52  90856.38 0.24 0.65  7.01   2015.41   1438.00
boskop            EMU.2560  2560  2560   250     6    278.65    274.73     26.83     13.52  90856.38 0.24 0.65  7.01   2015.41   1438.00
boskop            EMU.2560  2560  2560   250     6    269.78    265.80     25.75     13.68  90835.23 0.25 0.66  7.08   2015.41   1438.00
boskop            EMU.2560  2560  2560   250     6    269.78    265.80     25.75     13.68  90835.23 0.25 0.66  7.08   2015.41   1438.00
boskop            EMU.2560  2560  2560   250     6    284.47    280.57     27.09     13.76  90896.03 0.24 0.65  7.01   2015.41   1438.00
boskop            EMU.2560  2560  2560   250     6    284.47    280.57     27.09     13.76  90896.03 0.24 0.65  7.01   2015.41   1438.00
boskop            EMU.2560  2560  2560   250     6    277.10    273.20     25.81     13.71  90818.97 0.24 0.66  7.02   2015.41   1438.00
boskop            EMU.2560  2560  2560   250     6    277.10    273.20     25.81     13.71  90818.97 0.24 0.66  7.02   2015.41   1438.00
boskop            EMU.2560  2560  2560   250     6    273.46    269.62     26.85     13.80  90850.07 0.25 0.66  7.02   2015.41   1438.00
boskop            EMU.2560  2560  2560   250     6    273.46    269.62     26.85     13.80  90850.07 0.25 0.66  7.02   2015.41   1438.00
boskop            EMU.2560  2560  2560   250     6    274.79    271.02     26.20     13.86  90836.39 0.25 0.66  7.01   2015.41   1438.00
boskop            EMU.2560  2560  2560   250     6    274.79    271.02     26.20     13.86  90836.39 0.25 0.66  7.01   2015.41   1438.00
boskop            EMU.2560  2560  2560   250     6    275.82    271.97     26.45     13.52  90862.61 0.25 0.66  7.03   2015.41   1438.00
boskop            EMU.2560  2560  2560   250     6    275.82    271.97     26.45     13.52  90862.61 0.25 0.66  7.03   2015.41   1438.00
boskop            EMU.2560  2560  2560   250     6    274.53    270.70     26.67     13.74  90808.95 0.25 0.66  7.03   2015.41   1438.00
boskop       MEAN_EMU.2560  2560  2560   250     6    276.00    272.13     26.46     13.69  90846.65 0.25 0.66  7.04   2015.41   1438.00
boskop        STD_EMU.2560  2560  2560   250     6      3.66      3.65      0.42      0.16     22.95 0.00 0.00  0.05      0.00      0.00
boskop       STAT_EMU.2560  2560  2560   250     6    276.00      3.66    272.13      3.65     26.46      0.42     13.69      0.16  90846.65     22.95 0.25 0.00 0.66 0.00  7.04  0.05   2015.41      0.00   1438.00      0.00

boskop            EXE.2560  2560  2560   250     7    337.95
boskop            EXE.2560  2560  2560   250     7    334.47
boskop            EXE.2560  2560  2560   250     7    337.35
boskop            EXE.2560  2560  2560   250     7    335.25
boskop            EXE.2560  2560  2560   250     7    335.72
boskop            EXE.2560  2560  2560   250     7    340.98
boskop            EXE.2560  2560  2560   250     7    339.19
boskop            EXE.2560  2560  2560   250     7    329.86
boskop            EXE.2560  2560  2560   250     7    339.52
boskop            EXE.2560  2560  2560   250     7    332.42
boskop       STAT_EXE.2560  2560  2560   250     7    336.27      3.25
boskop            EMU.2560  2560  2560   250     6    274.53    270.70     26.67     13.74  90808.95 0.25 0.66  7.03   2015.41   1438.00
boskop       MEAN_EMU.2560  2560  2560   250     6    276.00    272.13     26.46     13.69  90846.65 0.25 0.66  7.04   2015.41   1438.00
boskop        STD_EMU.2560  2560  2560   250     6      3.66      3.65      0.42      0.16     22.95 0.00 0.00  0.05      0.00      0.00
boskop       STAT_EMU.2560  2560  2560   250     6    276.00      3.66    272.13      3.65     26.46      0.42     13.69      0.16  90846.65     22.95 0.25 0.00 0.66 0.00  7.04  0.05   2015.41      0.00   1438.00      0.00

boskop            EXE.2560  2560  2560   250     7    337.95
boskop            EXE.2560  2560  2560   250     7    334.47
boskop            EXE.2560  2560  2560   250     7    337.35
boskop            EXE.2560  2560  2560   250     7    335.25
boskop            EXE.2560  2560  2560   250     7    335.72
boskop            EXE.2560  2560  2560   250     7    340.98
boskop            EXE.2560  2560  2560   250     7    339.19
boskop            EXE.2560  2560  2560   250     7    329.86
boskop            EXE.2560  2560  2560   250     7    339.52
boskop            EXE.2560  2560  2560   250     7    332.42
boskop       STAT_EXE.2560  2560  2560   250     7    336.27      3.25
boskop            PRO.2560  2560  2560   250     7    337.02 --------- --------- ---------  92705.65 0.21 0.71  8.12   2015.98   1437.55
boskop            PRO.2560  2560  2560   250     7    337.02 --------- --------- ---------  92705.65 0.21 0.71  8.12   2015.98   1437.55
boskop            PRO.2560  2560  2560   250     7    339.62 --------- --------- ---------  92884.87 0.20 0.71  8.12   2015.98   1437.55
boskop            PRO.2560  2560  2560   250     7    339.62 --------- --------- ---------  92884.87 0.20 0.71  8.12   2015.98   1437.55
boskop            PRO.2560  2560  2560   250     7    331.80 --------- --------- ---------  92732.52 0.21 0.71  8.10   2015.98   1437.55
boskop            PRO.2560  2560  2560   250     7    331.80 --------- --------- ---------  92732.52 0.21 0.71  8.10   2015.98   1437.55
boskop            PRO.2560  2560  2560   250     7    338.94 --------- --------- ---------  92898.29 0.20 0.71  8.13   2015.98   1437.55
boskop            PRO.2560  2560  2560   250     7    338.94 --------- --------- ---------  92898.29 0.20 0.71  8.13   2015.98   1437.55
boskop            PRO.2560  2560  2560   250     7    337.79 --------- --------- ---------  92713.94 0.21 0.71  8.13   2015.98   1437.55
boskop            PRO.2560  2560  2560   250     7    337.79 --------- --------- ---------  92713.94 0.21 0.71  8.13   2015.98   1437.55
boskop            PRO.2560  2560  2560   250     7    336.34 --------- --------- ---------  92822.22 0.21 0.71  8.12   2015.98   1437.55
boskop            PRO.2560  2560  2560   250     7    336.34 --------- --------- ---------  92822.22 0.21 0.71  8.12   2015.98   1437.55
boskop            PRO.2560  2560  2560   250     7    335.93 --------- --------- ---------  92667.85 0.21 0.71  8.03   2015.98   1437.55
boskop            PRO.2560  2560  2560   250     7    335.93 --------- --------- ---------  92667.85 0.21 0.71  8.03   2015.98   1437.55
boskop            PRO.2560  2560  2560   250     7    343.58 --------- --------- ---------  92883.89 0.20 0.71  8.12   2015.98   1437.55
boskop            PRO.2560  2560  2560   250     7    343.58 --------- --------- ---------  92883.89 0.20 0.71  8.12   2015.98   1437.55
boskop            PRO.2560  2560  2560   250     7    340.93 --------- --------- ---------  92731.28 0.20 0.71  8.07   2015.98   1437.55
boskop            PRO.2560  2560  2560   250     7    340.93 --------- --------- ---------  92731.28 0.20 0.71  8.07   2015.98   1437.55
boskop            PRO.2560  2560  2560   250     7    338.97 --------- --------- ---------  92889.02 0.20 0.71  8.12   2015.98   1437.55
boskop       MEAN_PRO.2560  2560  2560   250     7    338.09 --------- --------- ---------  92792.95 0.21 0.71  8.11   2015.98   1437.55
boskop        STD_PRO.2560  2560  2560   250     7      3.01 --------- --------- ---------     86.53 0.00 0.00  0.03      0.00      0.00
boskop       STAT_PRO.2560  2560  2560   250     7    338.09      3.01 --------- --------- --------- --------- --------- ---------  92792.95     86.53 0.21 0.00 0.71 0.00  8.11  0.03   2015.98      0.00   1437.55      0.00
boskop            PRO.2560  2560  2560   250     7    338.97 --------- --------- ---------  92889.02 0.20 0.71  8.12   2015.98   1437.55
boskop       MEAN_PRO.2560  2560  2560   250     7    338.09 --------- --------- ---------  92792.95 0.21 0.71  8.11   2015.98   1437.55
boskop        STD_PRO.2560  2560  2560   250     7      3.01 --------- --------- ---------     86.53 0.00 0.00  0.03      0.00      0.00
boskop       STAT_PRO.2560  2560  2560   250     7    338.09      3.01 --------- --------- --------- --------- --------- ---------  92792.95     86.53 0.21 0.00 0.71 0.00  8.11  0.03   2015.98      0.00   1437.55      0.00
boskop            EMU.2560  2560  2560   250     7    316.10    312.03     30.55     13.77  90859.98 0.21 0.66  8.04   2015.41   1438.00
boskop            EMU.2560  2560  2560   250     7    316.10    312.03     30.55     13.77  90859.98 0.21 0.66  8.04   2015.41   1438.00
boskop            EMU.2560  2560  2560   250     7    315.48    311.60     29.99     14.19  90937.91 0.22 0.66  8.44   2015.41   1438.00
boskop            EMU.2560  2560  2560   250     7    315.48    311.60     29.99     14.19  90937.91 0.22 0.66  8.44   2015.41   1438.00
boskop            EMU.2560  2560  2560   250     7    319.84    315.92     29.86     13.63  90929.46 0.21 0.65  8.33   2015.41   1438.00
boskop            EMU.2560  2560  2560   250     7    319.84    315.92     29.86     13.63  90929.46 0.21 0.65  8.33   2015.41   1438.00
boskop            EMU.2560  2560  2560   250     7    319.57    315.48     29.12     13.82  90896.95 0.21 0.66  8.01   2015.41   1438.00
boskop            EMU.2560  2560  2560   250     7    319.57    315.48     29.12     13.82  90896.95 0.21 0.66  8.01   2015.41   1438.00
boskop            EMU.2560  2560  2560   250     7    319.71    315.67     29.60     13.87  90902.98 0.21 0.66  8.11   2015.41   1438.00
boskop            EMU.2560  2560  2560   250     7    319.71    315.67     29.60     13.87  90902.98 0.21 0.66  8.11   2015.41   1438.00
boskop            EMU.2560  2560  2560   250     7    320.48    316.50     29.04     14.11  90896.43 0.21 0.66  8.12   2015.41   1438.00
boskop            EMU.2560  2560  2560   250     7    320.48    316.50     29.04     14.11  90896.43 0.21 0.66  8.12   2015.41   1438.00
boskop            EMU.2560  2560  2560   250     7    321.51    317.47     29.55     13.86  90848.71 0.21 0.65  8.03   2015.41   1438.00
boskop            EMU.2560  2560  2560   250     7    321.51    317.47     29.55     13.86  90848.71 0.21 0.65  8.03   2015.41   1438.00
boskop            EMU.2560  2560  2560   250     7    323.25    319.30     30.15     13.84  90884.01 0.21 0.66  8.03   2015.41   1438.00
boskop            EMU.2560  2560  2560   250     7    323.25    319.30     30.15     13.84  90884.01 0.21 0.66  8.03   2015.41   1438.00
boskop            EMU.2560  2560  2560   250     7    322.16    318.13     29.84     13.96  90866.02 0.21 0.66  8.08   2015.41   1438.00
boskop            EMU.2560  2560  2560   250     7    322.16    318.13     29.84     13.96  90866.02 0.21 0.66  8.08   2015.41   1438.00
boskop            EMU.2560  2560  2560   250     7    323.32    319.33     30.93     13.80  90937.79 0.21 0.66  8.08   2015.41   1438.00
boskop       MEAN_EMU.2560  2560  2560   250     7    320.14    316.14     29.86     13.89  90896.03 0.21 0.66  8.13   2015.41   1438.00
boskop        STD_EMU.2560  2560  2560   250     7      2.54      2.53      0.56      0.16     30.41 0.00 0.00  0.14      0.00      0.00
boskop       STAT_EMU.2560  2560  2560   250     7    320.14      2.54    316.14      2.53     29.86      0.56     13.89      0.16  90896.03     30.41 0.21 0.00 0.66 0.00  8.13  0.14   2015.41      0.00   1438.00      0.00

boskop            EXE.2560  2560  2560   250     8    375.50
boskop            EXE.2560  2560  2560   250     8    378.65
boskop            EXE.2560  2560  2560   250     8    378.75
boskop            EXE.2560  2560  2560   250     8    372.79
boskop            EXE.2560  2560  2560   250     8    381.76
boskop            EXE.2560  2560  2560   250     8    374.49
boskop            EXE.2560  2560  2560   250     8    372.45
boskop            EXE.2560  2560  2560   250     8    374.22
boskop            EXE.2560  2560  2560   250     8    376.65
boskop            EXE.2560  2560  2560   250     8    378.95
boskop       STAT_EXE.2560  2560  2560   250     8    376.42      2.89
boskop            EMU.2560  2560  2560   250     7    323.32    319.33     30.93     13.80  90937.79 0.21 0.66  8.08   2015.41   1438.00
boskop       MEAN_EMU.2560  2560  2560   250     7    320.14    316.14     29.86     13.89  90896.03 0.21 0.66  8.13   2015.41   1438.00
boskop        STD_EMU.2560  2560  2560   250     7      2.54      2.53      0.56      0.16     30.41 0.00 0.00  0.14      0.00      0.00
boskop       STAT_EMU.2560  2560  2560   250     7    320.14      2.54    316.14      2.53     29.86      0.56     13.89      0.16  90896.03     30.41 0.21 0.00 0.66 0.00  8.13  0.14   2015.41      0.00   1438.00      0.00

boskop            EXE.2560  2560  2560   250     8    375.50
boskop            EXE.2560  2560  2560   250     8    378.65
boskop            EXE.2560  2560  2560   250     8    378.75
boskop            EXE.2560  2560  2560   250     8    372.79
boskop            EXE.2560  2560  2560   250     8    381.76
boskop            EXE.2560  2560  2560   250     8    374.49
boskop            EXE.2560  2560  2560   250     8    372.45
boskop            EXE.2560  2560  2560   250     8    374.22
boskop            EXE.2560  2560  2560   250     8    376.65
boskop            EXE.2560  2560  2560   250     8    378.95
boskop       STAT_EXE.2560  2560  2560   250     8    376.42      2.89
boskop            PRO.2560  2560  2560   250     8    374.89 --------- --------- ---------  92714.30 0.18 0.71  9.10   2015.98   1437.55
boskop            PRO.2560  2560  2560   250     8    374.89 --------- --------- ---------  92714.30 0.18 0.71  9.10   2015.98   1437.55
boskop            PRO.2560  2560  2560   250     8    379.06 --------- --------- ---------  92786.35 0.18 0.71  9.12   2015.98   1437.55
boskop            PRO.2560  2560  2560   250     8    379.06 --------- --------- ---------  92786.35 0.18 0.71  9.12   2015.98   1437.55
boskop            PRO.2560  2560  2560   250     8    379.92 --------- --------- ---------  92711.38 0.18 0.71  9.12   2015.98   1437.55
boskop            PRO.2560  2560  2560   250     8    379.92 --------- --------- ---------  92711.38 0.18 0.71  9.12   2015.98   1437.55
boskop            PRO.2560  2560  2560   250     8    379.56 --------- --------- ---------  92714.82 0.18 0.71  9.08   2015.98   1437.55
boskop            PRO.2560  2560  2560   250     8    379.56 --------- --------- ---------  92714.82 0.18 0.71  9.08   2015.98   1437.55
boskop            PRO.2560  2560  2560   250     8    371.91 --------- --------- ---------  92733.94 0.19 0.71  9.04   2015.98   1437.55
boskop            PRO.2560  2560  2560   250     8    371.91 --------- --------- ---------  92733.94 0.19 0.71  9.04   2015.98   1437.55
boskop            PRO.2560  2560  2560   250     8    377.11 --------- --------- ---------  92747.21 0.18 0.71  9.05   2015.98   1437.55
boskop            PRO.2560  2560  2560   250     8    377.11 --------- --------- ---------  92747.21 0.18 0.71  9.05   2015.98   1437.55
boskop            PRO.2560  2560  2560   250     8    378.56 --------- --------- ---------  92742.64 0.18 0.71  9.07   2015.98   1437.55
boskop            PRO.2560  2560  2560   250     8    378.56 --------- --------- ---------  92742.64 0.18 0.71  9.07   2015.98   1437.55
boskop            PRO.2560  2560  2560   250     8    378.48 --------- --------- ---------  92679.50 0.18 0.71  9.31   2015.98   1437.55
boskop            PRO.2560  2560  2560   250     8    378.48 --------- --------- ---------  92679.50 0.18 0.71  9.31   2015.98   1437.55
boskop            PRO.2560  2560  2560   250     8    379.59 --------- --------- ---------  92727.11 0.18 0.71  9.31   2015.98   1437.55
boskop            PRO.2560  2560  2560   250     8    379.59 --------- --------- ---------  92727.11 0.18 0.71  9.31   2015.98   1437.55
boskop            PRO.2560  2560  2560   250     8    375.09 --------- --------- ---------  92737.98 0.18 0.71  9.13   2015.98   1437.55
boskop       MEAN_PRO.2560  2560  2560   250     8    377.42 --------- --------- ---------  92729.52 0.18 0.71  9.13   2015.98   1437.55
boskop        STD_PRO.2560  2560  2560   250     8      2.51 --------- --------- ---------     26.63 0.00 0.00  0.09      0.00      0.00
boskop       STAT_PRO.2560  2560  2560   250     8    377.42      2.51 --------- --------- --------- --------- --------- ---------  92729.52     26.63 0.18 0.00 0.71 0.00  9.13  0.09   2015.98      0.00   1437.55      0.00
boskop            PRO.2560  2560  2560   250     8    375.09 --------- --------- ---------  92737.98 0.18 0.71  9.13   2015.98   1437.55
boskop       MEAN_PRO.2560  2560  2560   250     8    377.42 --------- --------- ---------  92729.52 0.18 0.71  9.13   2015.98   1437.55
boskop        STD_PRO.2560  2560  2560   250     8      2.51 --------- --------- ---------     26.63 0.00 0.00  0.09      0.00      0.00
boskop       STAT_PRO.2560  2560  2560   250     8    377.42      2.51 --------- --------- --------- --------- --------- ---------  92729.52     26.63 0.18 0.00 0.71 0.00  9.13  0.09   2015.98      0.00   1437.55      0.00
boskop            EMU.2560  2560  2560   250     8    355.03    351.07     31.79     14.04  90825.52 0.19 0.66  9.05   2015.41   1438.00
boskop            EMU.2560  2560  2560   250     8    355.03    351.07     31.79     14.04  90825.52 0.19 0.66  9.05   2015.41   1438.00
boskop            EMU.2560  2560  2560   250     8    358.10    354.04     32.86     13.85  90824.25 0.19 0.65  9.05   2015.41   1438.00
boskop            EMU.2560  2560  2560   250     8    358.10    354.04     32.86     13.85  90824.25 0.19 0.65  9.05   2015.41   1438.00
boskop            EMU.2560  2560  2560   250     8    359.90    355.79     31.76     14.73  90956.96 0.19 0.66  9.07   2015.41   1438.00
boskop            EMU.2560  2560  2560   250     8    359.90    355.79     31.76     14.73  90956.96 0.19 0.66  9.07   2015.41   1438.00
boskop            EMU.2560  2560  2560   250     8    353.19    349.25     32.97     14.55  90810.55 0.19 0.66  9.01   2015.41   1438.00
boskop            EMU.2560  2560  2560   250     8    353.19    349.25     32.97     14.55  90810.55 0.19 0.66  9.01   2015.41   1438.00
boskop            EMU.2560  2560  2560   250     8    358.20    354.14     31.89     14.36  90910.37 0.19 0.66  9.01   2015.41   1438.00
boskop            EMU.2560  2560  2560   250     8    358.20    354.14     31.89     14.36  90910.37 0.19 0.66  9.01   2015.41   1438.00
boskop            EMU.2560  2560  2560   250     8    369.05    364.99     31.43     14.61  90894.39 0.18 0.65  9.04   2015.41   1438.00
boskop            EMU.2560  2560  2560   250     8    369.05    364.99     31.43     14.61  90894.39 0.18 0.65  9.04   2015.41   1438.00
boskop            EMU.2560  2560  2560   250     8    367.47    363.56     32.80     14.41  90821.17 0.18 0.65  9.00   2015.41   1438.00
boskop            EMU.2560  2560  2560   250     8    367.47    363.56     32.80     14.41  90821.17 0.18 0.65  9.00   2015.41   1438.00
boskop            EMU.2560  2560  2560   250     8    367.09    363.13     33.65     14.33  90869.86 0.19 0.65  9.10   2015.41   1438.00
boskop            EMU.2560  2560  2560   250     8    367.09    363.13     33.65     14.33  90869.86 0.19 0.65  9.10   2015.41   1438.00
boskop            EMU.2560  2560  2560   250     8    364.18    360.19     30.02     14.39  90833.95 0.19 0.66  9.01   2015.41   1438.00
boskop            EMU.2560  2560  2560   250     8    364.18    360.19     30.02     14.39  90833.95 0.19 0.66  9.01   2015.41   1438.00

boskop            EMU.2560  2560  2560   250     8    361.04    356.91     30.77     14.27  90730.35 0.19 0.66  9.06   2015.41   1438.00
boskop       MEAN_EMU.2560  2560  2560   250     8    361.33    357.31     31.99     14.35  90847.74 0.19 0.66  9.04   2015.41   1438.00
boskop        STD_EMU.2560  2560  2560   250     8      5.17      5.17      1.04      0.25     59.68 0.00 0.00  0.03      0.00      0.00
boskop       STAT_EMU.2560  2560  2560   250     8    361.33      5.17    357.31      5.17     31.99      1.04     14.35      0.25  90847.74     59.68 0.19 0.00 0.66 0.00  9.04  0.03   2015.41      0.00   1438.00      0.00

boskop            EXE.2560  2560  2560   250     9    411.25
boskop            EXE.2560  2560  2560   250     9    409.71
boskop            EXE.2560  2560  2560   250     9    421.14
boskop            EXE.2560  2560  2560   250     9    408.53
boskop            EXE.2560  2560  2560   250     9    414.35
boskop            EXE.2560  2560  2560   250     9    412.80
boskop            EXE.2560  2560  2560   250     9    418.93
boskop            EXE.2560  2560  2560   250     9    410.65
boskop            EXE.2560  2560  2560   250     9    407.51
boskop            EXE.2560  2560  2560   250     9    408.45
boskop       STAT_EXE.2560  2560  2560   250     9    412.33      4.35
boskop            EMU.2560  2560  2560   250     8    361.04    356.91     30.77     14.27  90730.35 0.19 0.66  9.06   2015.41   1438.00
boskop       MEAN_EMU.2560  2560  2560   250     8    361.33    357.31     31.99     14.35  90847.74 0.19 0.66  9.04   2015.41   1438.00
boskop        STD_EMU.2560  2560  2560   250     8      5.17      5.17      1.04      0.25     59.68 0.00 0.00  0.03      0.00      0.00
boskop       STAT_EMU.2560  2560  2560   250     8    361.33      5.17    357.31      5.17     31.99      1.04     14.35      0.25  90847.74     59.68 0.19 0.00 0.66 0.00  9.04  0.03   2015.41      0.00   1438.00      0.00

boskop            EXE.2560  2560  2560   250     9    411.25
boskop            EXE.2560  2560  2560   250     9    409.71
boskop            EXE.2560  2560  2560   250     9    421.14
boskop            EXE.2560  2560  2560   250     9    408.53
boskop            EXE.2560  2560  2560   250     9    414.35
boskop            EXE.2560  2560  2560   250     9    412.80
boskop            EXE.2560  2560  2560   250     9    418.93
boskop            EXE.2560  2560  2560   250     9    410.65
boskop            EXE.2560  2560  2560   250     9    407.51
boskop            EXE.2560  2560  2560   250     9    408.45
boskop       STAT_EXE.2560  2560  2560   250     9    412.33      4.35
boskop            PRO.2560  2560  2560   250     9    411.33 --------- --------- ---------  92664.63 0.17 0.71 10.12   2015.98   1437.55
boskop            PRO.2560  2560  2560   250     9    411.33 --------- --------- ---------  92664.63 0.17 0.71 10.12   2015.98   1437.55
boskop            PRO.2560  2560  2560   250     9    427.76 --------- --------- ---------  92960.37 0.16 0.71 10.11   2016.07   1437.55
boskop            PRO.2560  2560  2560   250     9    427.76 --------- --------- ---------  92960.37 0.16 0.71 10.11   2016.07   1437.55
boskop            PRO.2560  2560  2560   250     9    411.53 --------- --------- ---------  92611.60 0.17 0.71 10.03   2015.98   1437.55
boskop            PRO.2560  2560  2560   250     9    411.53 --------- --------- ---------  92611.60 0.17 0.71 10.03   2015.98   1437.55
boskop            PRO.2560  2560  2560   250     9    419.68 --------- --------- ---------  92857.03 0.17 0.71 10.05   2015.98   1437.55
boskop            PRO.2560  2560  2560   250     9    419.68 --------- --------- ---------  92857.03 0.17 0.71 10.05   2015.98   1437.55
boskop            PRO.2560  2560  2560   250     9    411.56 --------- --------- ---------  92785.56 0.17 0.71 10.05   2015.98   1437.55
boskop            PRO.2560  2560  2560   250     9    411.56 --------- --------- ---------  92785.56 0.17 0.71 10.05   2015.98   1437.55
boskop            PRO.2560  2560  2560   250     9    414.02 --------- --------- ---------  92923.56 0.17 0.71 10.10   2015.98   1437.55
boskop            PRO.2560  2560  2560   250     9    414.02 --------- --------- ---------  92923.56 0.17 0.71 10.10   2015.98   1437.55
boskop            PRO.2560  2560  2560   250     9    418.22 --------- --------- ---------  92765.30 0.17 0.71 10.10   2015.98   1437.55
boskop            PRO.2560  2560  2560   250     9    418.22 --------- --------- ---------  92765.30 0.17 0.71 10.10   2015.98   1437.55
boskop            PRO.2560  2560  2560   250     9    419.11 --------- --------- ---------  92900.05 0.17 0.71 10.16   2015.98   1437.55
boskop            PRO.2560  2560  2560   250     9    419.11 --------- --------- ---------  92900.05 0.17 0.71 10.16   2015.98   1437.55
boskop            PRO.2560  2560  2560   250     9    424.35 --------- --------- ---------  92808.28 0.16 0.71 10.07   2015.98   1437.55
boskop            PRO.2560  2560  2560   250     9    424.35 --------- --------- ---------  92808.28 0.16 0.71 10.07   2015.98   1437.55
boskop            PRO.2560  2560  2560   250     9    421.17 --------- --------- ---------  92925.71 0.16 0.71 10.10   2015.98   1437.55
boskop       MEAN_PRO.2560  2560  2560   250     9    417.87 --------- --------- ---------  92820.21 0.17 0.71 10.09   2015.99   1437.55
boskop        STD_PRO.2560  2560  2560   250     9      5.42 --------- --------- ---------    110.12 0.00 0.00  0.04      0.03      0.00
boskop       STAT_PRO.2560  2560  2560   250     9    417.87      5.42 --------- --------- --------- --------- --------- ---------  92820.21    110.12 0.17 0.00 0.71 0.00 10.09  0.04   2015.99      0.03   1437.55      0.00
boskop            PRO.2560  2560  2560   250     9    421.17 --------- --------- ---------  92925.71 0.16 0.71 10.10   2015.98   1437.55
boskop       MEAN_PRO.2560  2560  2560   250     9    417.87 --------- --------- ---------  92820.21 0.17 0.71 10.09   2015.99   1437.55
boskop        STD_PRO.2560  2560  2560   250     9      5.42 --------- --------- ---------    110.12 0.00 0.00  0.04      0.03      0.00
boskop       STAT_PRO.2560  2560  2560   250     9    417.87      5.42 --------- --------- --------- --------- --------- ---------  92820.21    110.12 0.17 0.00 0.71 0.00 10.09  0.04   2015.99      0.03   1437.55      0.00
boskop            EMU.2560  2560  2560   250     9    400.93    396.89     33.78     14.79  90897.05 0.17 0.66 10.01   2015.41   1438.00
boskop            EMU.2560  2560  2560   250     9    400.93    396.89     33.78     14.79  90897.05 0.17 0.66 10.01   2015.41   1438.00
boskop            EMU.2560  2560  2560   250     9    388.85    384.89     33.17     14.32  90996.50 0.17 0.66 10.03   2015.41   1438.00
boskop            EMU.2560  2560  2560   250     9    388.85    384.89     33.17     14.32  90996.50 0.17 0.66 10.03   2015.41   1438.00
boskop            EMU.2560  2560  2560   250     9    400.25    396.13     37.44     14.86  90995.84 0.17 0.66 10.00   2015.41   1438.00
boskop            EMU.2560  2560  2560   250     9    400.25    396.13     37.44     14.86  90995.84 0.17 0.66 10.00   2015.41   1438.00
boskop            EMU.2560  2560  2560   250     9    396.93    392.93     37.89     14.37  90944.57 0.17 0.66 10.07   2015.41   1438.00
boskop            EMU.2560  2560  2560   250     9    396.93    392.93     37.89     14.37  90944.57 0.17 0.66 10.07   2015.41   1438.00
boskop            EMU.2560  2560  2560   250     9    397.53    393.57     35.75     14.77  91036.16 0.17 0.66 10.07   2015.41   1438.00
boskop            EMU.2560  2560  2560   250     9    397.53    393.57     35.75     14.77  91036.16 0.17 0.66 10.07   2015.41   1438.00
boskop            EMU.2560  2560  2560   250     9    394.54    390.44     35.79     14.38  90977.93 0.17 0.66 10.00   2015.41   1438.00
boskop            EMU.2560  2560  2560   250     9    394.54    390.44     35.79     14.38  90977.93 0.17 0.66 10.00   2015.41   1438.00
boskop            EMU.2560  2560  2560   250     9    392.20    388.21     35.65     14.26  90901.37 0.17 0.66 10.04   2015.41   1438.00
boskop            EMU.2560  2560  2560   250     9    392.20    388.21     35.65     14.26  90901.37 0.17 0.66 10.04   2015.41   1438.00
boskop            EMU.2560  2560  2560   250     9    393.86    389.81     36.34     14.32  90929.21 0.17 0.66 10.03   2015.41   1438.00
boskop            EMU.2560  2560  2560   250     9    393.86    389.81     36.34     14.32  90929.21 0.17 0.66 10.03   2015.41   1438.00
boskop            EMU.2560  2560  2560   250     9    400.43    396.43     36.65     14.22  90918.37 0.17 0.66 10.03   2015.41   1438.00
boskop            EMU.2560  2560  2560   250     9    400.43    396.43     36.65     14.22  90918.37 0.17 0.66 10.03   2015.41   1438.00
boskop            EMU.2560  2560  2560   250     9    391.68    387.54     36.50     14.47  90898.48 0.17 0.66  9.97   2015.41   1438.00
boskop       MEAN_EMU.2560  2560  2560   250     9    395.72    391.68     35.90     14.48  90949.55 0.17 0.66 10.03   2015.41   1438.00
boskop        STD_EMU.2560  2560  2560   250     9      3.94      3.94      1.40      0.23     46.64 0.00 0.00  0.03      0.00      0.00
boskop       STAT_EMU.2560  2560  2560   250     9    395.72      3.94    391.68      3.94     35.90      1.40     14.48      0.23  90949.55     46.64 0.17 0.00 0.66 0.00 10.03  0.03   2015.41      0.00   1438.00      0.00

boskop            EMU.2560  2560  2560   250     9    391.68    387.54     36.50     14.47  90898.48 0.17 0.66  9.97   2015.41   1438.00
boskop       MEAN_EMU.2560  2560  2560   250     9    395.72    391.68     35.90     14.48  90949.55 0.17 0.66 10.03   2015.41   1438.00
boskop        STD_EMU.2560  2560  2560   250     9      3.94      3.94      1.40      0.23     46.64 0.00 0.00  0.03      0.00      0.00
boskop       STAT_EMU.2560  2560  2560   250     9    395.72      3.94    391.68      3.94     35.90      1.40     14.48      0.23  90949.55     46.64 0.17 0.00 0.66 0.00 10.03  0.03   2015.41      0.00   1438.00      0.00

boskop            EXE.2560  2560  2560   250    10    446.56
boskop            EXE.2560  2560  2560   250    10    444.16
boskop            EXE.2560  2560  2560   250    10    462.44
boskop            EXE.2560  2560  2560   250    10    450.79
boskop            EXE.2560  2560  2560   250    10    463.16
boskop            EXE.2560  2560  2560   250    10    452.42
boskop            EXE.2560  2560  2560   250    10    455.29
boskop            EXE.2560  2560  2560   250    10    465.29
boskop            EXE.2560  2560  2560   250    10    456.76
boskop            EXE.2560  2560  2560   250    10    455.21
boskop       STAT_EXE.2560  2560  2560   250    10    455.21      6.66
boskop            PRO.2560  2560  2560   250    10    460.34 --------- --------- ---------  92742.09 0.15 0.72 11.23   1871.95   1437.55
boskop            PRO.2560  2560  2560   250    10    458.95 --------- --------- ---------  92889.69 0.15 0.71 11.12   2015.96   1437.55
boskop            PRO.2560  2560  2560   250    10    463.40 --------- --------- ---------  92971.41 0.15 0.71 11.12   2015.96   1437.55
boskop            PRO.2560  2560  2560   250    10    466.34 --------- --------- ---------  92800.64 0.15 0.71 11.09   2015.96   1437.55
boskop            PRO.2560  2560  2560   250    10    465.41 --------- --------- ---------  92820.13 0.15 0.71 11.18   2016.00   1437.55
boskop            PRO.2560  2560  2560   250    10    461.74 --------- --------- ---------  92941.30 0.15 0.71 11.18   2015.96   1437.55
boskop            PRO.2560  2560  2560   250    10    466.86 --------- --------- ---------  92938.08 0.15 0.71 11.12   2015.96   1437.55
boskop            PRO.2560  2560  2560   250    10    460.40 --------- --------- ---------  92874.44 0.15 0.71 11.06   2015.96   1437.55
boskop            PRO.2560  2560  2560   250    10    462.68 --------- --------- ---------  92880.36 0.15 0.71 11.07   2016.00   1437.55
boskop            PRO.2560  2560  2560   250    10    461.71 --------- --------- ---------  92972.85 0.15 0.71 11.11   2016.00   1437.55
boskop       MEAN_PRO.2560  2560  2560   250    10    462.78 --------- --------- ---------  92883.10 0.15 0.71 11.13   2001.57   1437.55
boskop        STD_PRO.2560  2560  2560   250    10      2.55 --------- --------- ---------     72.83 0.00 0.00  0.05     43.21      0.00
boskop       STAT_PRO.2560  2560  2560   250    10    462.78      2.55 --------- --------- --------- --------- --------- ---------  92883.10     72.83 0.15 0.00 0.71 0.00 11.13  0.05   2001.57     43.21   1437.55      0.00
boskop            EMU.2560  2560  2560   250    10    439.49    435.40     38.78     14.81  90956.30 0.15 0.66 11.13   2001.23   1438.00
boskop            EMU.2560  2560  2560   250    10    450.24    446.15     40.35     14.82  90991.98 0.15 0.65 11.04   2001.23   1438.00
boskop            EMU.2560  2560  2560   250    10    438.38    434.44     43.42     14.55  91005.75 0.16 0.66 11.05   2001.23   1438.00
boskop            EMU.2560  2560  2560   250    10    440.77    436.65     36.43     15.19  90892.55 0.15 0.66 11.10   2001.23   1438.00
boskop            EMU.2560  2560  2560   250    10    431.43    427.38     37.80     14.80  90986.01 0.16 0.66 11.01   2001.23   1438.00
boskop            EMU.2560  2560  2560   250    10    438.78    434.68     35.85     15.06  90982.94 0.15 0.66 11.08   2001.23   1438.00
boskop            EMU.2560  2560  2560   250    10    425.86    421.81     36.31     14.78  90947.19 0.16 0.66 11.02   2001.23   1438.00
boskop            EMU.2560  2560  2560   250    10    436.44    432.37     46.11     14.42  90929.22 0.16 0.66 11.04   2001.23   1438.00
boskop            EMU.2560  2560  2560   250    10    430.27    426.10     37.50     14.62  90936.03 0.16 0.66 11.04   2001.23   1438.00
boskop            EMU.2560  2560  2560   250    10    438.95    434.87     36.69     14.61  90975.38 0.15 0.66 11.20   2001.23   1438.00
boskop       MEAN_EMU.2560  2560  2560   250    10    437.06    432.98     38.92     14.77  90960.33 0.16 0.66 11.07   2001.23   1438.00
boskop        STD_EMU.2560  2560  2560   250    10      6.37      6.37      3.24      0.22     32.87 0.00 0.00  0.06      0.00      0.00
boskop       STAT_EMU.2560  2560  2560   250    10    437.06      6.37    432.98      6.37     38.92      3.24     14.77      0.22  90960.33     32.87 0.16 0.00 0.66 0.00 11.07  0.06   2001.23      0.00   1438.00      0.00

boskop            EXE.2560  2560  2560   250    11    491.37
boskop            EXE.2560  2560  2560   250    11    458.66
boskop            EXE.2560  2560  2560   250    11    541.28
boskop            EXE.2560  2560  2560   250    11    490.55
boskop            EXE.2560  2560  2560   250    11    516.93
boskop            EXE.2560  2560  2560   250    11    488.86
boskop            EXE.2560  2560  2560   250    11    462.09
boskop            EXE.2560  2560  2560   250    11    453.65
boskop            EXE.2560  2560  2560   250    11    510.11
boskop            EXE.2560  2560  2560   250    11    478.18
boskop       STAT_EXE.2560  2560  2560   250    11    489.17     26.42
boskop            PRO.2560  2560  2560   250    11    465.68 --------- --------- ---------  92620.48 0.15 0.71 12.10   2016.00   1437.55
boskop            PRO.2560  2560  2560   250    11    531.50 --------- --------- ---------  92725.17 0.13 0.72 12.08   2016.05   1437.55
boskop            PRO.2560  2560  2560   250    11    469.31 --------- --------- ---------  92754.34 0.15 0.71 12.23   2016.05   1437.55
boskop            PRO.2560  2560  2560   250    11    473.49 --------- --------- ---------  92779.29 0.15 0.71 12.21   2016.05   1437.55
boskop            PRO.2560  2560  2560   250    11    523.05 --------- --------- ---------  92725.76 0.13 0.70 12.17   2016.05   1437.55
boskop            PRO.2560  2560  2560   250    11    476.99 --------- --------- ---------  92590.67 0.15 0.71 12.17   2016.00   1437.55
boskop            PRO.2560  2560  2560   250    11    561.70 --------- --------- ---------  92657.32 0.12 0.71 12.05   2016.00   1437.55
boskop            PRO.2560  2560  2560   250    11    517.54 --------- --------- ---------  92762.41 0.13 0.70 12.05   2016.05   1437.55
boskop            PRO.2560  2560  2560   250    11    482.95 --------- --------- ---------  92753.36 0.14 0.71 12.02   2016.05   1437.55
boskop            PRO.2560  2560  2560   250    11    480.47 --------- --------- ---------  92684.31 0.14 0.72 12.16   2016.05   1437.55
boskop       MEAN_PRO.2560  2560  2560   250    11    498.27 --------- --------- ---------  92705.31 0.14 0.71 12.12   2016.04   1437.55
boskop        STD_PRO.2560  2560  2560   250    11     31.04 --------- --------- ---------     61.11 0.01 0.01  0.07      0.03      0.00
boskop       STAT_PRO.2560  2560  2560   250    11    498.27     31.04 --------- --------- --------- --------- --------- ---------  92705.31     61.11 0.14 0.01 0.71 0.01 12.12  0.07   2016.04      0.03   1437.55      0.00
boskop            EMU.2560  2560  2560   250    11    458.76    454.59     43.15     15.83  90768.08 0.15 0.66 12.16   2016.45   1438.00
boskop            EMU.2560  2560  2560   250    11    509.40    505.28     41.97     15.56  90887.91 0.13 0.65 12.09   2016.45   1438.00
boskop            EMU.2560  2560  2560   250    11    482.70    478.52     41.18     14.67  90854.81 0.14 0.65 12.03   2016.45   1438.00
boskop            EMU.2560  2560  2560   250    11    487.02    482.85     41.88     14.73  90700.42 0.14 0.65 12.03   2016.45   1438.00
boskop            EMU.2560  2560  2560   250    11    453.72    449.68     41.36     14.91  90772.69 0.15 0.67 12.00   2016.45   1438.00
boskop            EMU.2560  2560  2560   250    11    478.19    473.96     39.14     14.03  90792.54 0.14 0.67 12.08   2016.45   1438.00
boskop            EMU.2560  2560  2560   250    11    489.45    485.23     40.66     14.79  90769.11 0.14 0.65 12.00   2016.45   1438.00
boskop            EMU.2560  2560  2560   250    11    512.87    508.75     42.15     14.92  90828.02 0.13 0.65 12.01   2016.45   1438.00
boskop            EMU.2560  2560  2560   250    11    490.84    486.72     40.45     14.78  90822.83 0.14 0.66 12.00   2016.45   1438.00
boskop            EMU.2560  2560  2560   250    11    500.49    496.31     40.31     15.17  90783.16 0.14 0.65 12.00   2016.45   1438.00
boskop       MEAN_EMU.2560  2560  2560   250    11    486.34    482.19     41.23     14.94  90797.96 0.14 0.66 12.04   2016.45   1438.00
boskop        STD_EMU.2560  2560  2560   250    11     18.36     18.35      1.08      0.47     49.97 0.01 0.01  0.05      0.00      0.00
boskop       STAT_EMU.2560  2560  2560   250    11    486.34     18.36    482.19     18.35     41.23      1.08     14.94      0.47  90797.96     49.97 0.14 0.01 0.66 0.01 12.04  0.05   2016.45      0.00   1438.00      0.00

boskop            EXE.2560  2560  2560   250    12    534.26
boskop            EXE.2560  2560  2560   250    12    527.13
boskop            EXE.2560  2560  2560   250    12    535.67
boskop            EXE.2560  2560  2560   250    12    534.52
boskop            EXE.2560  2560  2560   250    12    534.21
boskop            EXE.2560  2560  2560   250    12    527.01
boskop            EXE.2560  2560  2560   250    12    533.55
boskop            EXE.2560  2560  2560   250    12    527.07
boskop            EXE.2560  2560  2560   250    12    530.15
boskop            EXE.2560  2560  2560   250    12    536.85
boskop       STAT_EXE.2560  2560  2560   250    12    532.04      3.63
boskop            PRO.2560  2560  2560   250    12    521.84 --------- --------- ---------  92691.80 0.13 0.71 13.09   2016.00   1437.55
boskop            PRO.2560  2560  2560   250    12    523.82 --------- --------- ---------  92926.82 0.13 0.71 13.18   2016.00   1437.55
boskop            PRO.2560  2560  2560   250    12    524.25 --------- --------- ---------  92896.20 0.13 0.71 13.17   2016.00   1437.55
boskop            PRO.2560  2560  2560   250    12    530.86 --------- --------- ---------  92860.24 0.13 0.71 13.15   2016.00   1437.55
boskop            PRO.2560  2560  2560   250    12    534.11 --------- --------- ---------  92857.52 0.13 0.71 13.05   2016.00   1437.55
boskop            PRO.2560  2560  2560   250    12    531.99 --------- --------- ---------  92876.70 0.13 0.71 13.03   2016.00   1437.55
boskop            PRO.2560  2560  2560   250    12    534.61 --------- --------- ---------  92935.96 0.13 0.71 13.13   2016.00   1437.55
boskop            PRO.2560  2560  2560   250    12    532.80 --------- --------- ---------  92931.55 0.13 0.71 13.21   2016.00   1437.55
boskop            PRO.2560  2560  2560   250    12    527.60 --------- --------- ---------  92916.61 0.13 0.71 13.13   2016.00   1437.55
boskop            PRO.2560  2560  2560   250    12    532.78 --------- --------- ---------  92918.49 0.13 0.71 13.12   2016.00   1437.55
boskop       MEAN_PRO.2560  2560  2560   250    12    529.47 --------- --------- ---------  92881.19 0.13 0.71 13.13   2016.00   1437.55
boskop        STD_PRO.2560  2560  2560   250    12      4.46 --------- --------- ---------     68.83 0.00 0.00  0.05      0.00      0.00
boskop       STAT_PRO.2560  2560  2560   250    12    529.47      4.46 --------- --------- --------- --------- --------- ---------  92881.19     68.83 0.13 0.00 0.71 0.00 13.13  0.05   2016.00      0.00   1437.55      0.00
boskop            EMU.2560  2560  2560   250    12    502.41    498.22     44.52     15.76  91070.25 0.14 0.66 13.00   2015.41   1438.00
boskop            EMU.2560  2560  2560   250    12    502.30    498.21     43.56     15.50  90994.13 0.14 0.66 13.00   2015.41   1438.00
boskop            EMU.2560  2560  2560   250    12    507.59    503.35     46.39     14.82  90922.73 0.13 0.66 13.00   2015.41   1438.00
boskop            EMU.2560  2560  2560   250    12    400.81    397.32     28.84     13.49  90861.24 0.17 0.72 12.99   2016.45   1438.00
boskop            EMU.2560  2560  2560   250    12    497.90    494.41     45.63     14.51  90879.37 0.14 0.66 13.00   2016.45   1438.00
boskop            EMU.2560  2560  2560   250    12    504.96    501.44     45.70     14.89  90854.62 0.13 0.66 13.17   2016.45   1438.00
boskop            EMU.2560  2560  2560   250    12    497.15    493.67     44.27     15.43  90897.71 0.14 0.66 13.08   2016.45   1438.00
boskop            EMU.2560  2560  2560   250    12    492.65    489.16     46.10     14.45  90937.83 0.14 0.66 13.04   2016.45   1438.00
boskop            EMU.2560  2560  2560   250    12    493.08    489.58     43.43     15.51  91028.21 0.14 0.66 13.00   2016.45   1438.00
boskop            EMU.2560  2560  2560   250    12    503.08    499.60     46.89     15.42  90975.62 0.14 0.66 13.01   2016.45   1438.00
boskop            EMU.2560  2560  2560   250    12    495.04    491.54     45.74     15.51  90968.17 0.14 0.66 13.00   2016.45   1438.00
boskop            EMU.2560  2560  2560   250    12    509.07    505.58     44.44     14.94  90963.96 0.13 0.65 13.00   2016.45   1438.00
boskop            EMU.2560  2560  2560   250    12    506.11    502.57     44.24     15.23  90903.33 0.13 0.66 13.00   2016.45   1438.00
boskop       MEAN_EMU.2560  2560  2560   250    12    489.98    486.49     43.53     14.94  90927.01 0.14 0.66 13.03   2016.45   1438.00
boskop        STD_EMU.2560  2560  2560   250    12     30.21     30.21      5.00      0.61     53.89 0.01 0.02  0.05      0.00      0.00
boskop       STAT_EMU.2560  2560  2560   250    12    489.98     30.21    486.49     30.21     43.53      5.00     14.94      0.61  90927.01     53.89 0.14 0.01 0.66 0.02 13.03  0.05   2016.45      0.00   1438.00      0.00

